CASES	California	Wisconsin	Wisconsin	Wisconsin	Wisconsin	Wisconsin	Wisconsin	Wisconsin	Wisconsin	Wisconsin	Wisconsin	Wisconsin	Wisconsin	Wisconsin	Wisconsin	Wisconsin	Wisconsin	Wisconsin	Wisconsin	Wisconsin	Wisconsin	Wisconsin	Wisconsin	Wisconsin	Wisconsin	Wisconsin	Wisconsin	Wisconsin	Wisconsin	Wisconsin	Wisconsin	Wisconsin	Wisconsin	Wisconsin	Wisconsin	Wisconsin	Wisconsin	Wisconsin	Wisconsin	Wisconsin	Wisconsin	Wisconsin	Wisconsin	Wisconsin	Wisconsin	Wisconsin	Wisconsin	Wisconsin	Wisconsin	Wisconsin	Wisconsin	Wisconsin	Wisconsin	Wisconsin	Wisconsin	Wisconsin	Wisconsin	Wisconsin	Wisconsin	Wisconsin	Wisconsin	Wisconsin	Wisconsin	Wisconsin	Wisconsin	Wisconsin	Wisconsin	Wisconsin	Wisconsin	Wisconsin	Wisconsin	Wisconsin	Wisconsin	Wisconsin
date	Los Angeles	Adams	Ashland	Barron	Bayfield	Brown	Buffalo	Burnett	Calumet	Chippewa	Clark	Columbia	Crawford	Dane	Dodge	Door	Douglas	Dunn	Eau Claire	Florence	Fond du Lac	Forest	Grant	Green	Green Lake	Iowa	Iron	Jackson	Jefferson	Juneau	Kenosha	Kewaunee	La Crosse	Lafayette	Langlade	Lincoln	Manitowoc	Marathon	Marinette	Marquette	Menominee	Milwaukee	Monroe	Oconto	Oneida	Outagamie	Ozaukee	Pepin	Pierce	Polk	Portage	Price	Racine	Richland	Rock	Rusk	Sauk	Sawyer	Shawano	Sheboygan	St. Croix	Taylor	Trempealeau	Unknown	Vernon	Vilas	Walworth	Washburn	Washington	Waukesha	Waupaca	Waushara	Winnebago	Wood
2020-01-26	1	0	0	0	0	0	0	0	0	0	0	0	0	0	0	0	0	0	0	0	0	0	0	0	0	0	0	0	0	0	0	0	0	0	0	0	0	0	0	0	0	0	0	0	0	0	0	0	0	0	0	0	0	0	0	0	0	0	0	0	0	0	0	0	0	0	0	0	0	0	0	0	0	0
2020-01-27	1	0	0	0	0	0	0	0	0	0	0	0	0	0	0	0	0	0	0	0	0	0	0	0	0	0	0	0	0	0	0	0	0	0	0	0	0	0	0	0	0	0	0	0	0	0	0	0	0	0	0	0	0	0	0	0	0	0	0	0	0	0	0	0	0	0	0	0	0	0	0	0	0	0
2020-01-28	1	0	0	0	0	0	0	0	0	0	0	0	0	0	0	0	0	0	0	0	0	0	0	0	0	0	0	0	0	0	0	0	0	0	0	0	0	0	0	0	0	0	0	0	0	0	0	0	0	0	0	0	0	0	0	0	0	0	0	0	0	0	0	0	0	0	0	0	0	0	0	0	0	0
2020-01-29	1	0	0	0	0	0	0	0	0	0	0	0	0	0	0	0	0	0	0	0	0	0	0	0	0	0	0	0	0	0	0	0	0	0	0	0	0	0	0	0	0	0	0	0	0	0	0	0	0	0	0	0	0	0	0	0	0	0	0	0	0	0	0	0	0	0	0	0	0	0	0	0	0	0
2020-01-30	1	0	0	0	0	0	0	0	0	0	0	0	0	0	0	0	0	0	0	0	0	0	0	0	0	0	0	0	0	0	0	0	0	0	0	0	0	0	0	0	0	0	0	0	0	0	0	0	0	0	0	0	0	0	0	0	0	0	0	0	0	0	0	0	0	0	0	0	0	0	0	0	0	0
2020-01-31	1	0	0	0	0	0	0	0	0	0	0	0	0	0	0	0	0	0	0	0	0	0	0	0	0	0	0	0	0	0	0	0	0	0	0	0	0	0	0	0	0	0	0	0	0	0	0	0	0	0	0	0	0	0	0	0	0	0	0	0	0	0	0	0	0	0	0	0	0	0	0	0	0	0
2020-02-01	1	0	0	0	0	0	0	0	0	0	0	0	0	0	0	0	0	0	0	0	0	0	0	0	0	0	0	0	0	0	0	0	0	0	0	0	0	0	0	0	0	0	0	0	0	0	0	0	0	0	0	0	0	0	0	0	0	0	0	0	0	0	0	0	0	0	0	0	0	0	0	0	0	0
2020-02-02	1	0	0	0	0	0	0	0	0	0	0	0	0	0	0	0	0	0	0	0	0	0	0	0	0	0	0	0	0	0	0	0	0	0	0	0	0	0	0	0	0	0	0	0	0	0	0	0	0	0	0	0	0	0	0	0	0	0	0	0	0	0	0	0	0	0	0	0	0	0	0	0	0	0
2020-02-03	1	0	0	0	0	0	0	0	0	0	0	0	0	0	0	0	0	0	0	0	0	0	0	0	0	0	0	0	0	0	0	0	0	0	0	0	0	0	0	0	0	0	0	0	0	0	0	0	0	0	0	0	0	0	0	0	0	0	0	0	0	0	0	0	0	0	0	0	0	0	0	0	0	0
2020-02-04	1	0	0	0	0	0	0	0	0	0	0	0	0	0	0	0	0	0	0	0	0	0	0	0	0	0	0	0	0	0	0	0	0	0	0	0	0	0	0	0	0	0	0	0	0	0	0	0	0	0	0	0	0	0	0	0	0	0	0	0	0	0	0	0	0	0	0	0	0	0	0	0	0	0
2020-02-05	1	0	0	0	0	0	0	0	0	0	0	0	0	1	0	0	0	0	0	0	0	0	0	0	0	0	0	0	0	0	0	0	0	0	0	0	0	0	0	0	0	0	0	0	0	0	0	0	0	0	0	0	0	0	0	0	0	0	0	0	0	0	0	0	0	0	0	0	0	0	0	0	0	0
2020-02-06	1	0	0	0	0	0	0	0	0	0	0	0	0	1	0	0	0	0	0	0	0	0	0	0	0	0	0	0	0	0	0	0	0	0	0	0	0	0	0	0	0	0	0	0	0	0	0	0	0	0	0	0	0	0	0	0	0	0	0	0	0	0	0	0	0	0	0	0	0	0	0	0	0	0
2020-02-07	1	0	0	0	0	0	0	0	0	0	0	0	0	1	0	0	0	0	0	0	0	0	0	0	0	0	0	0	0	0	0	0	0	0	0	0	0	0	0	0	0	0	0	0	0	0	0	0	0	0	0	0	0	0	0	0	0	0	0	0	0	0	0	0	0	0	0	0	0	0	0	0	0	0
2020-02-08	1	0	0	0	0	0	0	0	0	0	0	0	0	1	0	0	0	0	0	0	0	0	0	0	0	0	0	0	0	0	0	0	0	0	0	0	0	0	0	0	0	0	0	0	0	0	0	0	0	0	0	0	0	0	0	0	0	0	0	0	0	0	0	0	0	0	0	0	0	0	0	0	0	0
2020-02-09	1	0	0	0	0	0	0	0	0	0	0	0	0	1	0	0	0	0	0	0	0	0	0	0	0	0	0	0	0	0	0	0	0	0	0	0	0	0	0	0	0	0	0	0	0	0	0	0	0	0	0	0	0	0	0	0	0	0	0	0	0	0	0	0	0	0	0	0	0	0	0	0	0	0
2020-02-10	1	0	0	0	0	0	0	0	0	0	0	0	0	1	0	0	0	0	0	0	0	0	0	0	0	0	0	0	0	0	0	0	0	0	0	0	0	0	0	0	0	0	0	0	0	0	0	0	0	0	0	0	0	0	0	0	0	0	0	0	0	0	0	0	0	0	0	0	0	0	0	0	0	0
2020-02-11	1	0	0	0	0	0	0	0	0	0	0	0	0	1	0	0	0	0	0	0	0	0	0	0	0	0	0	0	0	0	0	0	0	0	0	0	0	0	0	0	0	0	0	0	0	0	0	0	0	0	0	0	0	0	0	0	0	0	0	0	0	0	0	0	0	0	0	0	0	0	0	0	0	0
2020-02-12	1	0	0	0	0	0	0	0	0	0	0	0	0	1	0	0	0	0	0	0	0	0	0	0	0	0	0	0	0	0	0	0	0	0	0	0	0	0	0	0	0	0	0	0	0	0	0	0	0	0	0	0	0	0	0	0	0	0	0	0	0	0	0	0	0	0	0	0	0	0	0	0	0	0
2020-02-13	1	0	0	0	0	0	0	0	0	0	0	0	0	1	0	0	0	0	0	0	0	0	0	0	0	0	0	0	0	0	0	0	0	0	0	0	0	0	0	0	0	0	0	0	0	0	0	0	0	0	0	0	0	0	0	0	0	0	0	0	0	0	0	0	0	0	0	0	0	0	0	0	0	0
2020-02-14	1	0	0	0	0	0	0	0	0	0	0	0	0	1	0	0	0	0	0	0	0	0	0	0	0	0	0	0	0	0	0	0	0	0	0	0	0	0	0	0	0	0	0	0	0	0	0	0	0	0	0	0	0	0	0	0	0	0	0	0	0	0	0	0	0	0	0	0	0	0	0	0	0	0
2020-02-15	1	0	0	0	0	0	0	0	0	0	0	0	0	1	0	0	0	0	0	0	0	0	0	0	0	0	0	0	0	0	0	0	0	0	0	0	0	0	0	0	0	0	0	0	0	0	0	0	0	0	0	0	0	0	0	0	0	0	0	0	0	0	0	0	0	0	0	0	0	0	0	0	0	0
2020-02-16	1	0	0	0	0	0	0	0	0	0	0	0	0	1	0	0	0	0	0	0	0	0	0	0	0	0	0	0	0	0	0	0	0	0	0	0	0	0	0	0	0	0	0	0	0	0	0	0	0	0	0	0	0	0	0	0	0	0	0	0	0	0	0	0	0	0	0	0	0	0	0	0	0	0
2020-02-17	1	0	0	0	0	0	0	0	0	0	0	0	0	1	0	0	0	0	0	0	0	0	0	0	0	0	0	0	0	0	0	0	0	0	0	0	0	0	0	0	0	0	0	0	0	0	0	0	0	0	0	0	0	0	0	0	0	0	0	0	0	0	0	0	0	0	0	0	0	0	0	0	0	0
2020-02-18	1	0	0	0	0	0	0	0	0	0	0	0	0	1	0	0	0	0	0	0	0	0	0	0	0	0	0	0	0	0	0	0	0	0	0	0	0	0	0	0	0	0	0	0	0	0	0	0	0	0	0	0	0	0	0	0	0	0	0	0	0	0	0	0	0	0	0	0	0	0	0	0	0	0
2020-02-19	1	0	0	0	0	0	0	0	0	0	0	0	0	1	0	0	0	0	0	0	0	0	0	0	0	0	0	0	0	0	0	0	0	0	0	0	0	0	0	0	0	0	0	0	0	0	0	0	0	0	0	0	0	0	0	0	0	0	0	0	0	0	0	0	0	0	0	0	0	0	0	0	0	0
2020-02-20	1	0	0	0	0	0	0	0	0	0	0	0	0	1	0	0	0	0	0	0	0	0	0	0	0	0	0	0	0	0	0	0	0	0	0	0	0	0	0	0	0	0	0	0	0	0	0	0	0	0	0	0	0	0	0	0	0	0	0	0	0	0	0	0	0	0	0	0	0	0	0	0	0	0
2020-02-21	1	0	0	0	0	0	0	0	0	0	0	0	0	1	0	0	0	0	0	0	0	0	0	0	0	0	0	0	0	0	0	0	0	0	0	0	0	0	0	0	0	0	0	0	0	0	0	0	0	0	0	0	0	0	0	0	0	0	0	0	0	0	0	0	0	0	0	0	0	0	0	0	0	0
2020-02-22	1	0	0	0	0	0	0	0	0	0	0	0	0	1	0	0	0	0	0	0	0	0	0	0	0	0	0	0	0	0	0	0	0	0	0	0	0	0	0	0	0	0	0	0	0	0	0	0	0	0	0	0	0	0	0	0	0	0	0	0	0	0	0	0	0	0	0	0	0	0	0	0	0	0
2020-02-23	1	0	0	0	0	0	0	0	0	0	0	0	0	1	0	0	0	0	0	0	0	0	0	0	0	0	0	0	0	0	0	0	0	0	0	0	0	0	0	0	0	0	0	0	0	0	0	0	0	0	0	0	0	0	0	0	0	0	0	0	0	0	0	0	0	0	0	0	0	0	0	0	0	0
2020-02-24	1	0	0	0	0	0	0	0	0	0	0	0	0	1	0	0	0	0	0	0	0	0	0	0	0	0	0	0	0	0	0	0	0	0	0	0	0	0	0	0	0	0	0	0	0	0	0	0	0	0	0	0	0	0	0	0	0	0	0	0	0	0	0	0	0	0	0	0	0	0	0	0	0	0
2020-02-25	1	0	0	0	0	0	0	0	0	0	0	0	0	1	0	0	0	0	0	0	0	0	0	0	0	0	0	0	0	0	0	0	0	0	0	0	0	0	0	0	0	0	0	0	0	0	0	0	0	0	0	0	0	0	0	0	0	0	0	0	0	0	0	0	0	0	0	0	0	0	0	0	0	0
2020-02-26	1	0	0	0	0	0	0	0	0	0	0	0	0	1	0	0	0	0	0	0	0	0	0	0	0	0	0	0	0	0	0	0	0	0	0	0	0	0	0	0	0	0	0	0	0	0	0	0	0	0	0	0	0	0	0	0	0	0	0	0	0	0	0	0	0	0	0	0	0	0	0	0	0	0
2020-02-27	1	0	0	0	0	0	0	0	0	0	0	0	0	1	0	0	0	0	0	0	0	0	0	0	0	0	0	0	0	0	0	0	0	0	0	0	0	0	0	0	0	0	0	0	0	0	0	0	0	0	0	0	0	0	0	0	0	0	0	0	0	0	0	0	0	0	0	0	0	0	0	0	0	0
2020-02-28	1	0	0	0	0	0	0	0	0	0	0	0	0	1	0	0	0	0	0	0	0	0	0	0	0	0	0	0	0	0	0	0	0	0	0	0	0	0	0	0	0	0	0	0	0	0	0	0	0	0	0	0	0	0	0	0	0	0	0	0	0	0	0	0	0	0	0	0	0	0	0	0	0	0
2020-02-29	1	0	0	0	0	0	0	0	0	0	0	0	0	1	0	0	0	0	0	0	0	0	0	0	0	0	0	0	0	0	0	0	0	0	0	0	0	0	0	0	0	0	0	0	0	0	0	0	0	0	0	0	0	0	0	0	0	0	0	0	0	0	0	0	0	0	0	0	0	0	0	0	0	0
2020-03-01	1	0	0	0	0	0	0	0	0	0	0	0	0	1	0	0	0	0	0	0	0	0	0	0	0	0	0	0	0	0	0	0	0	0	0	0	0	0	0	0	0	0	0	0	0	0	0	0	0	0	0	0	0	0	0	0	0	0	0	0	0	0	0	0	0	0	0	0	0	0	0	0	0	0
2020-03-02	1	0	0	0	0	0	0	0	0	0	0	0	0	1	0	0	0	0	0	0	0	0	0	0	0	0	0	0	0	0	0	0	0	0	0	0	0	0	0	0	0	0	0	0	0	0	0	0	0	0	0	0	0	0	0	0	0	0	0	0	0	0	0	0	0	0	0	0	0	0	0	0	0	0
2020-03-03	1	0	0	0	0	0	0	0	0	0	0	0	0	1	0	0	0	0	0	0	0	0	0	0	0	0	0	0	0	0	0	0	0	0	0	0	0	0	0	0	0	0	0	0	0	0	0	0	0	0	0	0	0	0	0	0	0	0	0	0	0	0	0	0	0	0	0	0	0	0	0	0	0	0
2020-03-04	7	0	0	0	0	0	0	0	0	0	0	0	0	1	0	0	0	0	0	0	0	0	0	0	0	0	0	0	0	0	0	0	0	0	0	0	0	0	0	0	0	0	0	0	0	0	0	0	0	0	0	0	0	0	0	0	0	0	0	0	0	0	0	0	0	0	0	0	0	0	0	0	0	0
2020-03-05	11	0	0	0	0	0	0	0	0	0	0	0	0	1	0	0	0	0	0	0	0	0	0	0	0	0	0	0	0	0	0	0	0	0	0	0	0	0	0	0	0	0	0	0	0	0	0	0	0	0	0	0	0	0	0	0	0	0	0	0	0	0	0	0	0	0	0	0	0	0	0	0	0	0
2020-03-06	13	0	0	0	0	0	0	0	0	0	0	0	0	1	0	0	0	0	0	0	0	0	0	0	0	0	0	0	0	0	0	0	0	0	0	0	0	0	0	0	0	0	0	0	0	0	0	0	0	0	0	0	0	0	0	0	0	0	0	0	0	0	0	0	0	0	0	0	0	0	0	0	0	0
2020-03-07	14	0	0	0	0	0	0	0	0	0	0	0	0	1	0	0	0	0	0	0	0	0	0	0	0	0	0	0	0	0	0	0	0	0	0	0	0	0	0	0	0	0	0	0	0	0	0	0	0	0	0	0	0	0	0	0	0	0	0	0	0	0	0	0	0	0	0	0	0	0	0	0	0	0
2020-03-08	14	0	0	0	0	0	0	0	0	0	0	0	0	1	0	0	0	0	0	0	0	0	0	0	0	0	0	0	0	0	0	0	0	0	0	0	0	0	0	0	0	0	0	0	0	0	0	0	0	0	0	0	0	0	0	0	0	0	0	0	0	0	0	0	0	0	0	0	0	0	0	0	0	0
2020-03-09	19	0	0	0	0	0	0	0	0	0	0	0	0	1	0	0	0	0	0	0	0	0	0	0	0	0	0	0	0	0	0	0	0	0	0	0	0	0	0	0	0	0	0	0	0	0	0	0	1	0	0	0	0	0	0	0	0	0	0	0	0	0	0	0	0	0	0	0	0	0	0	0	0	0
2020-03-10	20	0	0	0	0	0	0	0	0	0	0	0	0	2	0	0	0	0	0	0	0	0	0	0	0	0	0	0	0	0	0	0	0	0	0	0	0	0	0	0	0	0	0	0	0	0	0	0	1	0	0	0	0	0	0	0	0	0	0	0	0	0	0	0	0	0	0	0	0	0	0	0	0	0
2020-03-11	28	0	0	0	0	0	0	0	0	0	0	0	0	2	0	0	0	0	0	0	2	0	0	0	0	0	0	0	0	0	0	0	0	0	0	0	0	0	0	0	0	0	0	0	0	0	0	0	1	0	0	0	0	0	0	0	0	0	0	0	0	0	0	0	0	0	0	0	0	1	0	0	0	0
2020-03-12	32	0	0	0	0	0	0	0	0	0	0	0	0	4	0	0	0	0	0	0	2	0	0	0	0	0	0	0	0	0	0	0	0	0	0	0	0	0	0	0	0	0	0	0	0	0	0	0	1	0	0	0	0	0	0	0	0	0	0	0	0	0	0	0	0	0	0	0	0	1	0	0	0	0
2020-03-13	40	0	0	0	0	0	0	0	0	0	0	0	0	5	0	0	0	0	0	0	6	0	0	0	0	0	0	0	0	0	0	0	0	0	0	0	0	0	0	0	0	2	0	0	0	0	0	0	1	0	0	0	1	0	0	0	0	0	0	3	0	0	0	0	0	0	0	0	0	1	0	0	0	0
2020-03-14	53	0	0	0	0	0	0	0	0	0	0	0	0	6	0	0	0	0	0	0	6	0	0	0	0	0	0	0	0	0	0	0	0	0	0	0	0	0	0	0	0	6	0	0	0	0	0	0	1	0	0	0	1	0	0	0	0	0	0	3	0	0	0	0	0	0	0	0	0	3	0	0	1	0
2020-03-15	69	0	0	0	0	0	0	0	0	0	0	0	0	6	0	0	0	0	0	0	11	0	0	0	0	0	0	0	0	0	0	0	0	0	0	0	0	0	0	0	0	7	0	0	0	0	0	0	1	0	0	0	1	0	0	0	0	0	0	3	0	0	0	0	0	0	0	0	0	3	0	0	1	0
2020-03-16	94	0	0	0	0	0	0	0	0	0	0	0	0	10	0	0	0	0	0	0	11	0	0	0	0	0	0	0	0	0	0	0	0	0	0	0	0	0	0	0	0	13	0	0	0	1	0	0	1	0	0	0	1	0	0	0	0	0	0	3	0	0	0	0	0	0	0	0	0	3	0	0	3	1
2020-03-17	144	0	0	0	0	0	0	0	0	0	0	0	0	19	0	0	0	0	0	0	11	0	0	0	0	0	0	0	0	0	4	0	0	0	0	0	0	0	0	0	0	24	0	0	0	1	0	0	1	0	0	0	1	0	0	0	0	0	0	3	0	0	0	0	0	0	0	0	0	4	0	0	3	1
2020-03-18	190	0	0	0	0	1	0	0	0	0	0	0	0	23	0	0	0	0	0	0	12	0	0	0	0	0	0	0	0	0	4	0	1	0	0	0	0	0	0	0	0	47	0	0	0	1	0	0	1	0	0	0	1	0	0	0	0	0	0	4	0	0	0	0	0	0	0	0	2	5	0	0	3	1
2020-03-19	231	0	0	0	1	2	0	0	1	0	0	4	0	27	0	0	0	0	1	0	14	0	0	0	0	0	0	0	0	0	4	0	2	0	0	0	0	0	0	0	0	62	0	0	0	1	3	0	1	0	0	0	3	0	0	0	1	0	0	6	0	0	0	0	0	0	2	0	2	12	0	0	5	1
2020-03-20	292	0	0	0	1	2	0	0	1	1	0	5	0	32	0	0	1	1	1	0	14	0	0	1	0	0	0	0	1	0	4	0	4	0	0	0	0	1	0	0	0	95	0	0	0	2	7	0	1	0	0	0	3	0	1	0	2	0	0	6	2	0	0	0	0	0	3	0	3	15	0	0	5	1
2020-03-21	351	0	0	0	1	3	0	0	1	1	0	5	0	49	0	0	1	1	2	0	15	0	0	1	0	0	0	0	1	0	5	0	5	0	0	0	0	1	0	0	0	126	0	0	0	2	11	0	1	0	0	0	4	0	3	0	2	0	0	6	2	0	0	0	0	0	3	0	3	20	0	0	5	1
2020-03-22	421	0	0	0	1	3	0	0	1	1	0	5	0	61	0	0	1	1	4	0	16	0	0	1	0	0	0	0	2	0	10	0	5	0	0	0	0	1	0	0	0	183	0	0	0	2	13	0	1	0	0	0	4	0	3	0	2	0	0	6	2	0	0	0	0	0	3	0	14	30	0	0	5	1
2020-03-23	536	0	0	0	1	3	0	0	1	1	0	5	0	61	2	0	2	1	4	0	16	0	0	1	0	0	0	0	2	0	12	0	5	0	0	0	0	1	0	0	0	206	0	0	0	2	14	0	3	0	0	0	5	0	3	0	3	0	0	6	3	0	0	0	0	0	3	0	15	31	0	0	5	1
2020-03-24	662	0	0	0	1	3	0	0	1	2	0	5	0	72	2	0	4	1	4	0	18	0	0	1	0	0	0	0	4	0	13	0	5	0	0	0	0	1	0	0	0	243	0	0	0	2	16	0	3	0	0	0	5	0	3	0	4	0	0	6	4	0	0	0	0	0	4	0	17	31	0	0	5	1
2020-03-25	799	0	0	0	1	3	0	0	1	1	0	5	0	88	3	0	4	1	5	0	18	0	1	1	0	3	0	0	5	1	14	0	12	0	0	0	0	1	0	0	0	325	1	0	0	4	20	0	3	0	0	0	7	0	4	0	6	0	0	7	4	0	0	0	0	0	5	0	21	42	0	0	5	1
2020-03-26	1216	0	0	0	1	4	0	0	1	1	1	5	0	114	3	0	4	1	6	0	17	0	1	1	0	3	0	0	5	1	19	0	12	0	0	0	0	1	0	0	0	393	1	0	0	4	22	0	3	0	1	0	8	0	8	0	7	0	0	7	4	0	0	0	0	1	5	0	25	56	0	0	6	2
2020-03-27	1465	0	0	0	2	5	0	0	1	3	3	7	0	158	6	0	5	2	8	0	19	0	1	3	0	3	1	0	6	2	24	0	15	0	0	0	0	1	1	0	0	468	1	0	0	4	30	0	4	0	1	0	9	2	12	0	8	0	0	7	4	0	0	0	0	2	5	0	27	61	1	0	6	2
2020-03-28	1804	0	0	0	2	6	0	0	1	4	3	7	0	158	6	0	6	2	8	0	20	0	1	4	0	3	1	0	8	2	24	0	15	0	0	0	0	1	1	0	0	541	1	0	1	4	33	0	4	0	1	0	16	2	12	0	11	0	0	8	4	0	0	0	0	2	6	0	31	72	1	0	7	2
2020-03-29	2136	0	0	0	2	6	0	0	1	4	3	9	0	179	8	0	6	3	10	0	20	0	1	4	0	3	1	0	8	3	30	0	15	0	0	0	0	1	1	0	0	565	1	0	1	6	34	0	4	0	1	0	17	2	14	0	12	0	0	8	4	0	0	0	0	2	6	0	31	83	1	0	8	2
2020-03-30	2474	0	0	0	2	7	0	0	1	7	3	9	0	183	8	1	6	3	10	0	22	0	1	5	0	3	1	2	10	3	30	0	16	0	0	0	0	2	1	2	0	663	1	0	3	9	36	0	6	0	1	0	21	2	15	0	13	0	0	8	4	0	0	0	0	3	6	0	34	93	1	0	10	2
2020-03-31	3011	0	1	0	2	9	1	0	1	8	3	9	0	194	10	1	6	3	11	0	22	0	2	6	0	3	1	2	11	3	37	0	19	0	0	0	0	3	1	2	0	674	2	1	3	12	43	0	7	0	1	0	26	2	16	0	13	0	0	11	5	0	0	0	0	3	6	0	40	101	1	0	11	2
2020-04-01	3518	0	1	0	3	11	1	0	2	10	5	13	1	215	13	1	7	3	12	0	24	0	2	7	0	3	1	2	12	4	54	0	19	0	0	0	0	5	2	2	1	780	2	1	3	12	46	0	7	0	1	0	28	2	17	0	14	0	0	14	6	0	0	0	0	3	12	0	44	107	2	0	13	2
2020-04-02	4045	1	1	0	3	17	2	0	3	11	6	15	1	228	13	2	6	3	14	0	28	0	2	7	0	3	1	2	12	4	67	0	19	0	0	0	0	8	2	2	1	869	3	1	3	14	47	0	7	0	2	0	35	2	19	0	16	0	0	16	6	0	1	0	0	3	15	0	46	120	2	0	17	2
2020-04-03	4566	1	1	3	3	24	2	0	3	14	6	18	1	244	14	2	6	5	16	0	30	0	2	8	0	3	1	2	13	4	81	0	19	0	0	0	0	9	2	2	1	955	3	1	3	19	50	0	7	0	3	0	41	2	20	1	18	0	0	20	7	0	1	0	0	3	15	0	52	133	2	0	18	2
2020-04-04	5277	1	1	3	3	27	2	0	3	16	6	19	1	253	14	2	7	5	17	0	36	0	2	8	0	3	1	3	13	5	93	0	21	0	0	0	1	11	2	2	1	1069	5	1	3	20	53	0	7	0	3	0	48	3	26	1	18	0	1	21	7	0	1	0	0	3	16	0	55	147	2	0	18	2
2020-04-05	5940	1	1	4	3	29	2	0	4	16	6	19	2	269	14	4	7	5	21	1	43	0	2	9	0	3	1	3	14	5	98	0	21	0	0	0	3	12	2	2	1	1148	6	1	3	21	56	0	7	0	3	0	54	3	28	3	18	0	1	21	7	0	1	0	0	4	20	0	57	154	2	0	20	2
2020-04-06	6360	2	1	4	3	39	2	0	4	16	7	21	2	278	15	4	7	5	21	2	43	0	3	9	0	3	1	4	14	5	104	1	22	0	0	0	3	12	3	2	1	1256	7	1	3	22	62	0	7	0	3	0	57	3	34	3	18	0	2	21	7	0	1	0	0	4	20	0	57	160	2	1	24	2
2020-04-07	6910	2	1	4	3	41	2	0	4	16	7	23	2	289	15	7	7	5	21	2	44	0	3	9	0	4	1	4	15	5	112	1	22	1	0	0	3	12	3	2	1	1323	5	1	5	25	66	0	7	0	4	0	66	3	37	3	20	0	3	30	7	0	1	0	0	4	21	0	59	166	2	1	24	2
2020-04-08	7530	2	1	5	3	47	2	0	4	17	7	24	2	302	16	7	7	6	21	2	48	0	3	9	0	4	1	5	16	5	129	1	22	1	0	0	4	12	3	2	1	1417	5	2	5	25	70	0	7	0	4	0	77	3	42	3	20	0	4	31	7	0	1	0	0	4	23	0	62	174	2	1	24	2
2020-04-09	7955	2	1	5	3	50	2	0	4	17	7	25	2	307	16	8	7	7	21	2	49	0	4	9	0	4	1	7	19	5	135	1	23	2	0	0	3	12	3	2	1	1484	6	3	5	26	71	0	7	0	4	0	84	3	47	3	21	1	4	31	7	0	1	0	0	4	28	0	63	184	3	2	25	2
2020-04-10	8430	2	1	6	3	55	2	0	4	18	7	24	3	313	18	8	7	8	21	2	52	0	4	9	0	4	1	10	21	5	147	1	25	2	0	0	3	12	3	2	1	1575	8	3	5	29	71	0	7	1	4	0	100	4	51	3	25	1	5	33	7	0	1	0	0	4	35	0	67	193	3	2	25	2
2020-04-11	8873	2	1	6	3	60	3	0	4	18	7	24	3	327	18	9	7	9	21	2	52	0	5	9	0	4	2	10	22	5	163	1	25	3	0	0	3	13	3	2	1	1653	8	3	5	29	72	0	7	1	4	1	105	5	53	3	25	1	5	34	8	0	1	0	0	4	35	0	71	201	3	2	25	2
2020-04-12	9192	2	2	6	3	68	3	0	4	20	8	24	3	334	19	9	7	9	21	2	54	0	6	9	0	5	2	10	23	6	173	3	25	3	0	0	3	13	3	2	1	1710	8	3	6	29	72	0	7	3	4	1	117	5	56	3	26	1	5	34	9	0	1	0	0	4	37	0	71	209	4	2	27	2
2020-04-13	9420	3	2	6	3	77	3	0	5	20	8	25	3	340	19	9	7	9	21	2	57	0	6	9	1	5	2	10	24	7	182	4	25	3	0	0	3	14	3	2	1	1743	8	3	6	29	72	0	7	3	4	1	117	5	60	3	26	1	5	36	10	0	1	0	0	4	38	0	73	218	4	2	27	2
2020-04-14	10047	3	2	6	3	97	4	0	5	20	8	25	3	344	19	9	7	9	21	2	59	0	8	9	1	5	2	10	24	7	186	4	25	3	0	0	4	14	4	2	1	1795	8	4	6	29	73	0	7	3	4	1	135	6	59	3	28	2	6	36	10	0	1	0	0	4	45	1	73	224	4	2	29	2
2020-04-15	10496	3	2	6	3	114	4	0	5	20	9	27	3	351	19	9	7	9	21	2	59	0	8	9	1	5	2	10	24	7	204	5	25	3	0	0	4	14	4	3	1	1870	10	4	6	31	77	0	7	3	4	1	138	7	62	3	31	2	6	37	10	0	1	0	0	4	49	1	78	238	4	2	31	2
2020-04-16	10854	3	2	6	3	139	4	0	5	20	10	27	3	352	19	9	7	9	22	2	59	0	10	9	1	5	2	11	24	7	208	6	25	3	0	0	5	14	4	3	1	1947	12	4	6	31	77	0	7	3	4	1	143	7	63	3	31	2	6	37	11	0	1	0	0	4	71	1	79	245	4	2	32	2
2020-04-17	11391	4	2	6	3	180	4	0	5	20	12	27	3	351	20	9	7	9	22	2	61	0	13	9	1	6	2	11	27	7	218	8	25	3	0	0	5	16	4	3	1	2013	13	4	6	31	78	0	7	4	4	1	157	8	63	3	31	2	6	38	11	0	1	0	0	4	75	1	81	255	4	2	34	2
2020-04-18	12021	4	2	6	3	204	4	0	5	21	14	27	3	358	19	9	8	9	22	2	62	0	15	9	1	6	2	11	27	10	236	8	25	3	0	0	6	17	5	3	1	2065	13	4	6	33	79	0	7	4	4	1	164	8	68	4	32	2	6	39	11	0	1	0	0	4	89	1	82	259	4	2	38	2
2020-04-19	12341	4	2	6	3	215	4	0	6	20	16	27	3	361	19	9	8	9	22	2	62	0	18	9	1	6	2	12	32	10	248	8	25	3	0	0	6	17	5	3	1	2150	13	4	6	35	79	0	7	4	4	1	168	8	74	4	33	2	6	40	11	0	1	0	0	4	89	1	84	265	4	2	41	2
2020-04-20	13816	4	2	6	3	285	4	0	6	20	16	27	3	364	19	9	8	9	22	2	65	0	23	9	1	6	2	12	32	10	257	8	25	3	0	0	7	17	5	3	1	2191	13	5	6	35	80	0	7	4	4	1	174	8	80	4	34	2	6	43	11	0	1	0	0	4	86	1	86	269	4	2	41	2
2020-04-21	15140	4	2	6	3	314	4	0	6	20	17	27	3	381	19	9	8	9	22	2	65	0	23	9	1	7	2	12	32	10	264	8	25	3	0	0	7	17	6	3	1	2234	13	5	6	35	80	0	8	4	4	1	185	8	83	4	34	2	6	43	11	0	1	0	0	4	90	1	87	272	4	2	40	2
2020-04-22	16435	4	2	6	3	402	4	0	6	20	18	27	3	386	20	9	8	9	23	2	65	0	25	9	1	7	2	12	35	11	278	8	25	4	0	0	7	17	6	3	1	2304	13	5	6	37	80	0	8	4	4	1	198	9	86	4	36	2	6	44	12	0	1	0	0	4	94	1	88	278	5	2	43	2
2020-04-23	17508	4	2	6	3	455	4	0	6	20	18	27	3	387	20	9	9	9	23	2	66	0	26	10	1	7	2	12	37	11	294	10	25	4	0	0	7	17	8	3	1	2382	14	5	6	38	80	0	8	4	4	1	215	10	99	4	37	2	6	44	13	0	1	0	0	4	100	1	90	280	6	2	46	2
2020-04-24	18545	4	2	6	3	605	4	0	7	20	19	27	3	395	21	9	9	9	23	2	67	0	27	10	1	7	2	12	38	11	314	9	25	4	0	0	9	17	8	3	1	2431	14	5	6	43	80	0	8	4	4	1	229	10	120	4	38	2	8	45	13	0	2	0	1	4	113	1	91	289	7	2	46	2
2020-04-25	19107	4	2	6	3	720	4	0	7	20	19	27	3	401	23	10	9	9	24	2	67	0	28	11	1	7	2	12	39	12	329	10	26	4	0	0	9	18	7	3	1	2525	14	6	6	43	82	0	8	4	4	1	255	10	151	4	38	2	8	44	13	0	2	0	1	4	132	1	92	299	7	2	48	2
2020-04-26	19528	4	2	6	3	776	4	0	7	20	19	27	3	405	29	10	9	9	25	2	69	0	30	11	1	7	2	12	39	12	339	10	26	4	0	0	10	17	7	3	1	2629	14	7	6	46	85	0	9	4	4	1	270	11	151	4	40	3	8	45	13	0	2	0	1	4	135	1	92	307	7	2	48	2
2020-04-27	20417	4	2	6	3	853	4	0	9	20	19	27	3	412	30	10	9	9	25	2	69	0	31	11	2	7	2	12	39	13	340	10	26	4	0	0	11	17	7	3	1	2674	14	8	6	47	86	0	9	4	4	1	273	11	164	4	42	3	8	46	13	0	2	0	1	4	138	1	94	313	7	2	48	2
2020-04-28	20976	4	2	6	3	920	4	0	10	21	20	27	3	417	32	12	9	9	27	2	69	0	32	11	2	7	2	12	42	13	348	11	27	4	0	0	11	17	7	3	1	2722	14	8	6	50	86	0	9	4	4	1	308	11	178	4	44	3	8	46	13	0	2	0	1	4	139	1	96	321	7	2	48	2
2020-04-29	22485	4	2	6	3	971	4	0	12	21	20	27	3	424	33	12	9	9	27	2	69	0	35	11	2	7	2	12	45	14	363	14	27	4	0	0	11	17	7	3	1	2815	14	8	6	54	86	0	10	4	5	1	317	11	183	4	44	3	10	46	13	0	2	0	1	4	156	1	97	329	8	2	51	2
2020-04-30	23182	4	2	6	3	1057	4	0	13	22	20	27	3	428	33	12	9	9	28	2	69	0	37	12	2	7	2	12	45	17	391	14	28	4	0	0	11	18	8	3	1	2940	14	10	6	54	88	0	10	4	5	1	355	12	198	4	45	3	10	47	16	0	3	0	1	4	161	1	98	336	8	2	53	2
2020-05-01	24215	4	2	6	3	1175	4	0	14	23	20	28	3	430	36	12	9	9	28	2	71	0	41	13	3	7	2	13	46	17	477	13	28	6	0	1	11	18	10	3	1	3044	14	14	6	62	88	0	10	4	5	1	393	12	222	4	58	3	15	49	16	0	3	0	1	4	171	1	99	350	10	2	62	2
2020-05-02	24894	4	2	7	3	1272	4	0	16	23	20	29	4	433	38	14	9	10	34	2	73	0	43	13	3	7	2	12	46	18	521	15	29	6	0	1	13	19	10	3	1	3147	14	15	6	63	89	0	10	4	6	1	408	12	243	4	64	3	16	51	16	0	3	0	1	4	183	1	100	356	10	2	67	2
2020-05-03	25662	4	2	7	3	1358	4	0	18	25	21	29	5	436	38	15	9	12	36	2	73	0	48	15	3	7	2	12	46	18	534	18	29	6	0	1	13	19	11	3	1	3244	14	18	6	68	92	0	10	4	6	1	435	13	262	4	65	3	16	52	18	0	3	0	1	4	197	1	101	360	10	2	69	2
2020-05-04	26217	4	2	7	3	1448	5	0	19	25	21	30	6	441	39	15	9	12	41	2	75	0	48	16	5	7	2	12	46	18	546	22	31	6	0	1	14	19	11	3	1	3296	14	18	6	73	94	0	10	4	7	1	457	13	289	4	66	4	16	53	20	0	4	0	2	4	211	1	104	367	10	2	72	2
2020-05-05	27815	4	2	7	3	1545	6	0	20	25	21	32	7	443	40	18	9	13	42	2	77	0	55	20	5	7	2	12	46	18	571	22	32	6	0	1	16	21	11	3	1	3353	14	20	6	77	95	0	11	4	7	1	535	13	301	4	67	4	17	55	21	0	4	0	2	4	212	1	106	368	10	4	83	2
2020-05-06	28644	4	2	7	3	1653	6	0	20	27	22	32	7	445	42	18	10	13	45	2	83	1	60	20	5	10	2	12	47	19	580	25	32	8	0	1	17	21	13	3	1	3469	14	23	6	83	95	0	11	5	7	1	559	13	311	4	70	4	17	59	23	0	5	0	2	4	215	1	107	374	10	4	85	2
2020-05-07	29427	4	2	7	3	1706	5	0	22	27	23	32	16	447	46	18	10	14	47	2	84	1	66	21	5	10	2	12	50	20	610	25	32	9	0	1	17	21	13	3	2	3573	14	26	6	93	99	0	12	5	7	1	590	13	324	4	69	4	17	65	23	0	5	0	2	4	226	1	113	380	10	4	88	2
2020-05-08	30296	4	2	10	3	1777	5	0	34	27	23	32	16	455	51	18	10	14	50	2	85	1	66	23	6	10	2	12	50	21	627	26	32	9	0	1	17	22	15	3	2	3722	14	27	7	105	101	0	12	5	7	1	634	13	343	4	69	4	20	65	26	0	5	0	3	4	226	1	114	387	11	4	91	2
2020-05-09	31197	4	2	10	3	1834	5	0	35	29	24	32	17	465	55	20	11	14	54	2	86	1	67	33	7	10	2	12	50	21	651	28	32	13	0	1	19	24	16	3	2	3854	14	28	7	111	104	0	12	5	7	1	680	13	347	4	71	4	20	65	27	0	5	0	3	4	229	1	116	396	13	4	98	2
2020-05-10	31677	4	2	12	3	1897	5	0	40	29	24	32	17	472	67	21	11	14	54	2	93	3	68	33	8	10	2	14	50	21	682	29	33	13	0	1	19	24	16	3	2	3952	14	27	7	112	105	0	12	5	7	1	704	13	354	4	71	4	22	66	27	0	5	0	3	4	235	1	117	400	13	4	98	2
2020-05-11	32258	4	2	11	3	1924	5	0	41	30	24	32	17	474	74	22	11	14	57	2	101	4	68	33	8	10	2	14	51	21	693	29	32	13	0	1	19	25	21	3	2	4022	15	28	7	117	107	0	13	5	7	1	724	13	361	4	72	4	25	66	29	0	5	0	3	4	240	1	118	409	13	4	100	4
2020-05-12	33180	4	2	11	3	1958	5	0	43	31	24	34	17	483	75	22	11	14	60	2	108	4	69	34	8	10	2	14	52	21	716	29	34	13	0	1	20	25	21	3	2	4069	15	28	7	117	107	0	14	5	7	1	763	13	369	4	73	4	25	66	31	0	6	0	4	4	244	1	119	414	13	4	101	4
2020-05-13	34428	4	2	11	3	1982	5	0	44	31	24	34	17	491	79	23	11	19	61	2	111	5	70	36	10	10	2	14	54	21	736	29	34	14	0	1	20	28	21	3	2	4215	15	28	7	122	110	0	14	5	7	1	785	13	380	4	73	4	27	66	36	0	6	0	6	4	243	1	122	421	14	4	102	4
2020-05-14	35329	4	2	11	3	1999	5	1	46	33	25	34	18	499	83	23	12	20	63	2	119	5	71	39	10	11	2	15	56	21	762	29	37	15	0	2	20	29	21	3	2	4387	15	28	7	124	113	1	15	6	7	1	833	13	393	4	74	4	28	67	37	0	7	0	7	4	251	1	125	444	15	4	108	5
2020-05-15	36259	4	2	11	3	2034	5	1	55	37	25	34	20	517	87	29	12	20	65	2	119	5	72	39	10	11	2	15	58	21	780	30	42	16	0	2	21	31	21	3	2	4694	15	30	7	128	119	1	16	6	7	1	920	13	406	4	76	4	29	68	37	0	7	0	8	4	269	1	129	454	16	5	112	5
2020-05-16	37303	4	2	11	3	2070	5	1	56	39	26	36	22	523	93	33	12	21	65	2	124	7	72	41	10	11	2	15	58	21	820	30	44	16	0	3	21	32	23	3	2	4936	15	30	7	135	120	1	17	6	7	1	1004	14	422	4	77	4	31	68	39	0	7	0	10	4	277	1	140	467	17	5	117	6
2020-05-17	37974	4	2	11	3	2096	5	1	57	39	28	36	22	537	105	33	12	21	66	2	139	9	72	44	11	11	2	15	60	21	838	30	45	16	0	3	22	33	24	3	2	4973	15	30	7	139	122	1	20	6	7	1	1017	14	429	4	77	4	31	69	44	0	10	0	11	4	280	1	148	476	17	5	123	6
2020-05-18	38451	4	2	11	3	2102	5	2	58	41	28	36	23	538	108	33	13	20	70	2	142	9	74	45	11	11	2	15	61	22	848	30	45	16	0	3	22	33	25	3	2	5040	15	30	7	142	122	1	21	6	7	1	1034	14	432	4	77	4	33	69	48	0	11	0	11	4	284	1	149	482	17	7	124	7
2020-05-19	39573	4	2	11	3	2118	5	1	58	42	29	36	23	548	109	33	15	20	75	2	145	9	75	46	11	11	2	15	62	22	866	31	47	16	0	3	25	34	25	3	2	5185	15	30	7	146	125	1	22	7	7	1	1061	14	438	4	77	4	33	70	48	0	11	0	12	4	287	1	155	492	19	7	126	8
2020-05-20	40857	4	2	11	3	2135	5	1	60	43	30	37	23	566	112	34	15	20	78	2	148	11	78	49	11	11	2	15	62	22	889	31	47	17	0	3	26	35	28	3	2	5531	15	31	7	153	130	1	26	7	7	1	1115	14	452	4	77	4	34	73	52	0	11	0	12	4	296	1	163	514	19	7	134	8
2020-05-21	42037	4	2	11	3	2177	5	1	61	45	29	36	24	583	121	34	15	20	82	2	148	11	78	49	12	11	2	15	67	22	921	32	47	16	1	3	28	35	28	3	2	5631	16	31	7	161	131	1	30	9	8	2	1166	14	493	4	77	7	36	76	57	1	13	0	13	5	316	2	171	527	19	7	141	9
2020-05-22	43052	4	2	11	3	2204	5	1	67	46	28	37	25	590	137	35	16	21	89	2	155	11	81	49	13	11	2	15	75	22	948	32	48	17	1	3	28	36	30	3	2	5893	16	32	7	174	133	1	34	13	8	2	1269	14	520	4	77	7	36	78	58	1	13	0	14	6	329	2	178	537	20	7	160	9
2020-05-23	44055	4	2	12	3	2238	5	1	69	48	28	37	25	597	149	37	17	21	93	2	158	11	81	52	14	11	2	15	78	22	983	33	48	18	1	3	28	38	31	3	2	6092	16	34	7	181	134	1	36	15	9	2	1311	14	529	4	77	7	37	82	65	1	14	0	14	6	339	2	181	553	20	7	166	9
2020-05-24	44988	4	2	12	3	2243	5	1	69	49	28	37	25	601	152	37	17	22	96	2	165	11	82	53	14	11	2	15	80	22	998	33	47	20	1	4	29	41	31	3	3	6265	16	34	7	184	137	1	42	16	10	2	1387	14	545	4	77	7	38	82	67	1	18	0	16	6	348	2	193	561	23	8	172	9
2020-05-25	46018	4	2	12	3	2249	5	1	70	53	28	38	26	615	161	37	18	23	98	2	174	12	87	54	15	12	2	15	84	22	1001	33	48	22	1	4	29	42	32	3	3	6403	16	34	7	193	138	1	42	16	10	2	1394	14	569	4	77	7	38	82	68	1	20	0	16	6	351	2	206	567	23	8	182	9
2020-05-26	47822	4	2	12	3	2249	5	1	73	54	28	38	26	630	162	38	19	23	100	2	179	12	87	55	15	12	2	14	90	22	1008	33	51	25	3	5	31	42	32	3	3	6577	16	34	7	196	138	1	43	16	10	2	1395	14	583	4	77	7	38	83	70	1	21	0	17	6	351	2	209	578	26	8	191	9
2020-05-27	48700	4	2	14	3	2285	5	1	74	54	29	40	26	655	166	38	19	24	99	2	185	24	89	58	16	12	2	14	92	22	1033	33	51	25	2	5	32	43	32	3	3	6848	16	35	8	198	144	1	43	17	10	2	1579	14	588	5	78	7	41	83	71	1	22	0	19	6	363	2	212	593	27	8	199	9
2020-05-28	49774	4	2	14	3	2300	5	1	74	53	32	42	26	686	172	38	19	24	99	2	192	26	93	60	16	14	2	15	96	22	1088	34	51	26	2	7	36	43	33	3	3	7182	16	35	9	204	156	1	44	18	11	2	1605	14	607	5	78	8	43	84	74	1	23	0	20	6	372	2	233	650	27	8	205	10
2020-05-29	51562	4	2	15	3	2308	5	1	75	55	32	43	26	713	180	38	19	24	107	2	194	28	94	65	18	15	2	16	101	23	1131	34	53	27	2	7	36	46	33	3	3	7498	16	35	9	213	159	1	45	18	11	2	1652	14	620	5	78	8	45	87	77	2	24	0	21	6	379	2	238	665	29	8	224	10
2020-05-30	53651	4	2	17	3	2318	6	1	76	56	31	44	26	728	215	38	19	24	108	2	203	28	95	66	19	16	2	17	104	23	1165	34	53	27	2	7	36	51	33	4	3	7672	16	37	9	223	160	1	45	19	11	2	1714	14	632	5	78	8	46	88	81	2	25	0	21	7	392	2	248	690	39	8	238	10
2020-05-31	54996	4	2	17	3	2319	6	1	76	56	32	44	26	733	221	38	19	24	108	2	213	29	95	66	20	16	2	17	106	23	1168	35	53	27	3	7	36	50	33	4	3	7750	17	37	9	227	174	1	45	19	11	2	1722	14	636	5	78	8	47	90	86	2	25	0	21	7	395	2	252	696	41	8	244	10
2020-06-01	55968	4	2	20	3	2320	6	1	77	56	33	44	26	737	228	38	19	24	113	2	214	29	96	66	20	16	2	17	107	23	1178	35	53	27	3	7	36	50	33	4	3	7800	17	37	9	230	175	1	45	19	12	2	1733	14	639	5	78	8	48	90	92	2	25	0	21	8	397	2	257	709	42	8	249	10
2020-06-02	57118	4	2	20	3	2334	6	1	78	57	33	44	26	759	226	38	19	24	114	2	215	28	96	68	20	16	2	17	110	22	1201	35	55	27	3	7	36	52	32	4	3	8016	18	38	9	232	178	1	47	22	14	2	1762	14	646	5	79	8	50	95	95	2	26	0	21	8	398	2	260	729	45	8	270	10
2020-06-03	58234	4	2	21	3	2350	6	1	79	58	35	44	26	775	383	38	19	25	114	2	221	28	98	70	22	17	2	19	114	22	1222	36	58	27	3	7	38	55	32	6	3	8206	18	39	11	239	181	1	47	24	14	2	1797	14	744	5	81	8	51	98	97	2	29	0	21	8	424	2	261	756	45	10	284	10
2020-06-04	59650	4	2	20	3	2361	6	1	79	58	37	44	26	791	386	40	19	26	116	2	225	29	98	70	22	16	2	19	116	22	1252	36	64	28	4	7	38	55	33	5	3	8463	18	39	11	246	184	1	49	28	14	2	1838	14	757	5	81	8	53	101	100	2	30	0	21	8	424	2	267	768	47	9	309	11
2020-06-05	61045	5	3	20	3	2369	6	1	79	58	39	44	26	804	394	39	19	26	119	2	226	34	98	70	22	16	2	17	122	22	1267	36	68	29	4	7	39	57	33	5	3	8608	18	39	12	253	188	1	50	31	23	2	1878	14	767	5	81	8	53	105	102	2	32	0	21	8	428	2	272	787	49	10	334	11
2020-06-06	62338	5	3	20	3	2374	6	1	79	58	42	44	26	824	395	39	20	27	121	2	233	33	98	71	22	16	2	18	124	23	1267	36	68	30	4	7	39	63	33	5	3	8709	18	41	12	263	190	1	50	33	33	2	1906	14	770	5	81	8	56	111	105	2	38	0	21	8	435	3	277	799	51	10	354	11
2020-06-07	63844	5	3	20	3	2377	6	1	80	59	42	46	26	844	400	39	20	27	123	2	233	33	98	71	22	17	2	19	128	23	1274	36	69	33	4	7	39	64	36	5	3	8827	19	42	12	270	192	1	50	33	35	2	1910	14	770	5	83	8	56	114	105	2	40	0	21	8	435	3	277	814	57	10	385	11
2020-06-08	64644	5	3	20	3	2377	6	1	81	59	42	46	26	856	400	39	20	29	124	2	239	33	98	71	23	17	2	20	130	23	1290	36	70	33	8	7	40	64	36	5	3	8925	19	42	13	277	193	1	50	33	35	2	1911	14	792	5	83	8	57	114	106	2	42	0	21	8	440	3	279	823	58	10	397	11
2020-06-09	65822	6	3	20	3	2399	6	1	81	59	45	47	26	871	406	39	20	29	124	2	241	34	99	71	23	16	2	19	134	23	1296	37	77	35	5	7	40	66	37	6	3	9001	19	42	13	289	193	1	51	34	39	2	1939	14	799	5	84	9	60	118	107	2	43	0	22	8	452	3	281	833	58	13	431	12
2020-06-10	67064	6	3	21	3	2405	6	1	81	60	45	49	26	884	410	39	20	29	126	2	247	34	99	71	23	16	2	20	138	23	1310	37	81	36	5	7	40	69	37	7	3	9161	23	42	13	294	195	1	51	36	51	2	1952	14	812	5	84	9	60	120	108	2	44	2319	22	8	456	3	283	856	61	13	457	13
2020-06-11	68875	6	3	21	3	2421	7	1	83	61	45	50	26	913	414	39	20	29	126	2	251	34	101	72	23	16	2	22	142	24	1319	37	94	36	6	7	40	70	37	9	4	9220	26	43	14	306	197	1	51	37	66	2	1966	14	817	7	84	9	60	129	108	2	49	2362	23	8	468	3	287	871	63	14	473	15
2020-06-12	70476	7	3	24	3	2442	7	2	84	64	50	55	26	930	415	41	20	29	130	2	253	34	103	75	24	16	2	21	152	24	1337	37	100	38	5	7	42	80	37	9	3	9310	29	43	14	318	198	1	51	36	68	2	1975	14	832	9	84	9	62	137	110	2	49	2388	23	8	469	3	289	884	66	16	485	16
2020-06-13	72023	7	3	24	3	2458	7	2	86	63	50	56	26	933	423	39	20	29	132	2	259	34	106	75	24	17	2	21	155	24	1343	37	110	41	5	7	42	79	39	9	3	9438	30	44	14	331	202	1	52	36	71	2	1986	14	840	9	86	9	62	147	111	2	56	2388	24	8	471	3	290	894	71	16	506	17
2020-06-14	73018	8	3	25	3	2469	7	2	86	62	50	56	27	956	423	39	20	29	137	2	262	34	107	75	24	17	2	21	158	25	1356	37	116	41	5	8	45	82	39	9	4	9511	32	44	16	337	203	1	54	37	75	2	1989	14	842	10	85	9	63	157	111	3	57	2449	24	8	471	3	292	904	78	16	518	21
2020-06-15	73791	8	3	25	3	2469	7	2	86	62	51	56	27	968	424	39	20	29	137	2	269	34	107	75	24	17	2	21	160	25	1368	37	123	43	6	8	47	82	40	9	4	9610	33	45	16	343	206	1	57	37	79	2	1991	14	844	10	85	9	64	158	111	5	64	2458	24	8	471	3	294	919	79	16	532	23
2020-06-16	75084	8	3	26	3	2492	7	3	87	63	51	58	27	985	424	39	20	29	138	2	272	34	107	77	24	17	2	21	161	25	1376	39	132	43	6	7	48	83	40	9	4	9678	36	45	17	345	207	1	57	36	82	2	2033	14	851	10	87	9	64	166	116	5	71	2501	24	8	480	3	296	933	80	20	537	23
2020-06-17	77189	9	3	26	3	2507	7	2	88	63	53	59	27	1001	425	39	20	29	140	2	274	34	113	78	24	18	2	22	161	25	1385	39	152	43	6	8	50	88	40	9	4	9818	38	45	17	354	208	1	57	37	82	2	2039	14	857	10	87	9	64	171	116	5	80	2535	26	8	481	3	301	947	82	19	551	25
2020-06-18	78227	10	3	30	3	2520	6	2	90	65	56	60	27	1022	426	39	20	29	149	2	277	34	113	78	24	18	2	24	164	27	1392	40	179	48	7	8	56	95	40	9	4	9995	39	46	17	366	209	1	57	37	86	2	2053	14	871	10	88	9	66	177	119	6	85	2568	28	10	487	3	304	961	84	18	569	28
2020-06-19	79609	10	3	30	3	2538	7	2	90	65	56	63	27	1039	429	40	20	29	151	2	278	34	114	78	24	18	2	24	168	27	1400	42	203	49	7	8	58	101	42	9	4	10087	40	46	17	377	211	1	57	39	87	2	2066	15	875	10	90	9	66	176	122	8	86	2600	29	10	488	4	311	976	87	19	579	29
2020-06-20	81636	10	3	31	3	2572	6	2	90	67	58	64	29	1069	434	40	20	29	156	2	286	35	124	79	24	19	2	24	172	27	1406	43	229	53	7	8	63	107	42	9	4	10167	45	46	17	387	213	1	57	40	90	2	2079	15	881	11	94	9	68	179	126	9	91	2657	29	10	497	4	318	991	89	20	593	31
2020-06-21	83397	10	3	31	3	2580	6	2	92	69	58	68	31	1101	434	40	20	29	161	2	290	35	125	80	24	21	2	24	177	28	1416	44	250	54	7	8	68	111	42	9	4	10267	46	46	17	396	215	1	57	40	91	2	2081	15	881	11	96	9	68	185	128	9	91	2678	29	10	498	4	321	1003	91	20	601	32
2020-06-22	85942	11	3	31	3	2581	6	2	92	70	60	69	31	1141	437	40	20	29	163	2	295	35	129	80	24	22	2	24	181	29	1421	44	274	56	7	8	70	115	42	10	4	10358	50	49	17	402	214	1	57	40	96	2	2090	15	893	11	96	9	70	185	131	8	92	2668	30	10	498	4	323	1015	91	20	608	33
2020-06-23	88262	11	3	31	3	2620	7	2	92	70	60	70	31	1174	440	40	20	29	167	2	296	35	130	80	25	21	2	24	185	29	1425	46	294	60	7	8	76	121	45	10	4	10438	49	49	17	412	216	1	57	40	99	2	2107	15	905	11	97	9	70	186	134	9	92	2691	31	11	509	4	327	1036	95	20	619	34
2020-06-24	89490	11	3	32	3	2661	7	2	92	71	64	70	32	1245	444	40	20	29	170	3	297	35	134	81	26	23	2	24	194	31	1438	46	316	61	7	8	81	130	45	10	4	10582	51	50	17	415	218	1	57	41	101	2	2114	15	916	11	97	9	70	187	135	10	98	2730	31	10	522	4	331	1056	96	20	626	37
2020-06-25	91467	12	3	32	3	2698	7	2	94	76	64	74	32	1350	445	40	20	33	176	3	299	38	136	83	26	25	2	26	201	31	1442	49	343	62	8	8	81	137	48	10	4	10736	57	51	17	428	219	1	60	41	107	2	2124	15	924	11	98	10	73	189	141	10	104	2773	32	10	546	4	335	1071	101	20	634	37
2020-06-26	93232	14	3	32	3	2738	7	2	96	78	67	76	32	1446	447	43	22	34	180	3	306	38	141	84	29	27	3	26	211	31	1455	52	371	66	7	9	83	140	49	12	5	10818	59	52	18	436	222	1	64	43	117	2	2144	15	932	11	98	12	74	190	150	10	106	2816	32	10	559	4	344	1109	104	20	639	39
2020-06-27	95371	15	3	34	3	2777	7	3	97	82	69	79	32	1530	450	43	22	36	194	3	307	38	145	85	30	29	5	26	222	32	1468	54	396	68	7	9	87	148	50	12	6	10983	61	53	19	447	222	1	65	43	128	2	2148	15	932	11	100	12	75	195	155	11	111	2848	32	10	570	4	348	1119	106	21	643	42
2020-06-28	97894	15	3	34	3	2826	7	3	103	82	70	80	33	1650	453	43	24	38	208	3	308	38	150	88	32	29	5	26	228	32	1478	55	403	70	7	9	91	150	53	13	6	11110	61	56	19	454	222	1	66	46	130	2	2151	15	953	11	102	12	75	198	158	12	112	2859	32	10	572	4	354	1139	106	23	655	47
2020-06-29	100772	19	3	34	3	2825	7	3	106	84	70	83	33	1751	456	43	24	37	218	3	309	38	152	88	32	29	6	26	234	35	1492	55	404	70	8	9	92	158	53	13	6	11232	63	56	19	463	237	1	68	48	135	2	2155	15	957	11	105	12	76	201	159	12	111	2871	32	10	574	4	366	1157	106	23	662	49
2020-06-30	103529	19	3	34	3	2873	7	3	108	84	72	85	33	1876	459	44	25	37	229	3	311	39	154	89	32	31	6	27	236	36	1505	56	432	74	8	10	94	168	56	13	7	11397	66	59	19	476	245	1	68	48	142	2	2171	15	968	11	107	12	78	208	164	12	116	2871	35	10	607	4	373	1199	113	25	669	51
2020-07-01	105507	19	3	34	3	2916	8	3	111	88	77	88	34	1953	461	43	30	38	240	3	313	39	161	89	33	32	7	27	242	39	1527	59	455	74	10	10	99	174	60	16	7	11553	65	61	20	491	247	1	68	52	147	2	2176	15	978	11	108	12	78	208	171	13	118	2921	36	10	612	4	388	1227	116	29	683	61
2020-07-02	107667	20	3	35	3	2937	7	3	112	91	81	89	36	2075	467	44	31	41	249	3	314	39	162	90	34	32	7	27	257	40	1535	60	492	74	10	11	100	186	60	17	7	11672	66	61	20	500	251	1	68	57	162	2	2187	15	987	11	109	12	78	214	179	14	122	2966	37	10	622	4	403	1258	121	31	692	63
2020-07-03	110310	23	3	36	3	2968	8	3	113	95	82	91	39	2192	476	45	39	41	263	3	314	39	165	93	35	33	7	27	260	42	1547	61	497	74	11	12	104	189	64	17	7	11899	73	62	20	508	251	1	72	59	168	2	2194	15	1002	11	117	12	81	223	191	16	126	3009	38	10	650	4	411	1304	122	32	692	69
2020-07-04	113497	27	3	36	3	2997	8	4	117	99	86	94	41	2303	478	44	39	42	279	4	318	39	172	94	37	36	8	27	274	43	1574	62	510	76	11	14	108	201	65	23	7	12083	79	63	20	524	253	1	73	59	181	2	2196	15	1003	11	119	12	83	224	202	16	129	3046	38	10	677	4	422	1353	128	34	701	79
2020-07-05	114993	32	3	36	3	3018	8	4	118	102	87	101	41	2386	483	45	41	43	284	4	320	39	175	96	37	37	8	27	285	43	1586	63	515	76	11	15	114	210	65	24	7	12233	81	65	20	540	260	1	75	60	192	2	2217	15	1005	11	123	12	86	229	205	15	131	3057	38	10	689	4	430	1389	135	33	711	84
2020-07-06	116570	33	3	36	3	3049	8	4	119	105	87	101	41	2475	484	45	41	46	290	4	329	39	177	100	40	37	8	27	291	43	1601	64	519	76	11	15	116	225	68	24	7	12436	88	67	20	552	280	1	76	60	196	2	2218	15	1046	11	123	12	86	236	218	15	137	3063	38	11	691	4	440	1412	139	33	715	86
2020-07-07	120539	33	3	36	4	3072	9	5	125	118	87	104	41	2510	487	49	46	47	300	4	339	40	178	100	40	38	8	31	292	43	1626	64	524	76	11	17	122	226	71	31	7	12577	90	69	21	577	282	1	77	61	200	2	2253	15	1053	11	123	13	86	245	231	16	140	3103	38	14	701	5	449	1429	145	34	723	86
2020-07-08	123004	35	3	37	4	3087	10	5	127	124	88	105	44	2597	488	50	47	48	307	4	347	41	180	101	41	38	8	31	303	44	1628	67	540	76	11	18	128	233	73	35	9	12834	103	69	22	581	289	2	80	63	204	2	2272	15	1070	11	130	14	87	255	238	17	158	3103	39	14	713	5	461	1506	152	36	726	93
2020-07-09	124738	35	3	39	4	3123	11	6	133	127	93	110	44	2657	492	52	48	50	314	4	354	45	185	103	41	38	9	32	315	47	1666	69	556	76	10	21	132	240	75	44	9	13096	110	73	24	597	302	4	83	63	211	4	2294	15	1088	11	137	15	89	265	243	18	168	3196	40	14	723	5	470	1547	157	38	747	99
2020-07-10	127358	37	5	41	5	3144	11	5	143	130	98	113	45	2785	501	53	50	54	323	4	364	47	188	105	41	41	9	34	338	50	1703	69	565	76	10	20	139	257	82	44	9	13430	120	75	24	615	313	5	92	66	224	6	2306	16	1114	11	144	15	91	275	257	19	172	3340	41	15	734	5	480	1613	161	41	755	101
2020-07-11	130242	37	7	43	6	3197	13	5	151	132	99	116	45	2889	511	53	56	54	332	4	374	48	198	106	42	45	10	34	352	50	1717	75	582	78	10	21	147	268	89	49	9	13661	130	78	28	633	313	14	99	68	234	8	2326	16	1135	11	147	15	94	283	263	17	178	3289	40	16	752	6	482	1630	169	43	760	103
2020-07-12	133549	41	8	46	6	3228	14	5	154	139	101	120	45	3005	515	54	60	57	338	4	396	48	204	110	43	45	16	35	360	51	1734	77	586	81	11	22	152	278	95	49	9	13928	134	85	28	654	315	15	100	69	250	8	2339	17	1153	11	164	15	95	287	280	17	180	3317	40	17	754	6	490	1694	175	44	771	107
2020-07-13	136129	41	8	48	7	3229	15	5	159	140	111	123	45	3071	523	54	61	57	340	4	399	48	210	110	43	45	17	36	361	52	1782	77	591	81	11	23	155	293	100	53	9	14196	137	88	28	665	343	15	103	69	254	8	2349	17	1156	11	169	15	95	293	288	21	184	3325	40	17	791	6	498	1772	182	45	777	109
2020-07-14	140307	43	8	51	9	3305	16	5	161	141	118	125	45	3151	528	58	63	57	346	5	403	48	218	110	43	47	17	36	369	54	1809	83	611	83	11	22	162	304	121	53	10	14478	139	98	32	695	349	16	110	75	258	8	2391	17	1187	11	190	15	101	312	294	23	187	3327	42	17	800	6	514	1843	188	47	788	109
2020-07-15	143009	45	8	54	11	3348	21	5	165	145	121	129	46	3250	537	65	64	59	351	5	405	49	223	110	43	47	21	37	384	59	1833	86	618	84	11	24	167	312	126	55	10	14807	145	101	38	719	358	18	113	74	260	9	2418	17	1200	12	191	15	104	326	297	25	194	3351	42	17	815	6	523	1921	196	48	804	112
2020-07-16	147468	46	8	59	11	3393	21	5	169	151	128	131	46	3301	541	66	66	59	365	5	410	49	231	113	44	47	24	36	393	66	1879	86	628	84	11	25	177	326	133	55	9	15179	148	104	39	728	370	19	119	75	263	9	2463	17	1219	13	194	15	106	340	310	26	213	3396	42	17	826	6	537	1990	202	49	810	120
2020-07-17	150319	49	10	66	12	3407	19	5	176	151	130	141	46	3376	557	70	66	60	371	6	418	49	236	114	44	47	24	36	405	69	1904	86	646	85	11	31	180	343	139	56	10	15426	156	108	40	750	375	19	123	75	266	9	2519	18	1248	13	201	17	107	368	316	29	219	3437	43	18	858	6	558	2074	205	50	817	124
2020-07-18	153041	51	10	69	13	3462	20	5	184	151	132	150	47	3438	557	73	74	63	388	6	427	50	243	114	46	50	25	36	415	73	1933	88	660	86	11	33	189	363	149	56	10	15632	159	116	47	780	375	22	125	79	279	11	2564	18	1267	13	205	19	108	374	325	30	227	3490	45	20	897	7	558	2152	212	51	833	128
2020-07-19	155887	51	10	70	13	3507	22	5	186	154	139	154	48	3495	564	73	75	65	397	5	433	50	248	116	47	50	26	36	418	74	1986	91	667	86	11	35	199	375	159	57	10	15985	161	120	51	792	383	22	128	79	287	12	2589	18	1295	13	218	19	110	386	329	32	227	3509	45	21	902	7	570	2189	215	52	847	133
2020-07-20	159045	52	10	74	13	3510	25	5	188	161	141	159	48	3549	570	74	75	68	402	5	441	50	250	117	47	50	28	37	427	76	2040	92	674	86	11	37	202	383	177	58	10	16275	165	121	52	814	422	22	128	81	292	13	2624	18	1295	13	230	19	113	398	333	33	228	3533	45	21	942	7	599	2221	224	52	864	135
2020-07-21	161673	54	11	78	13	3596	29	5	190	165	142	166	48	3586	577	74	75	71	407	5	451	50	252	118	48	51	33	36	441	77	2087	91	685	87	13	40	207	388	189	58	10	16570	163	125	52	840	436	27	133	84	296	14	2715	19	1324	13	232	19	116	410	337	34	238	3577	46	21	964	8	616	2449	239	56	876	140
2020-07-22	164870	54	11	82	14	3629	28	6	192	172	147	171	49	3633	584	75	77	74	409	5	458	51	256	118	49	54	37	37	449	80	2102	93	685	87	13	46	212	410	196	60	10	16911	163	129	53	858	449	29	136	88	303	16	2739	19	1354	13	247	19	118	419	346	34	242	3610	46	20	983	8	641	2540	248	57	884	140
2020-07-23	166848	54	13	87	15	3667	33	7	201	177	152	173	49	3669	592	78	82	79	421	5	463	53	261	119	49	54	40	38	461	84	2167	96	697	94	14	49	219	432	202	61	14	17197	162	135	59	883	464	32	140	91	310	18	2794	19	1368	13	253	19	119	433	356	37	245	3646	46	21	993	9	666	2632	259	58	901	152
2020-07-24	168757	56	14	96	16	3688	34	9	204	183	154	181	50	3732	599	80	87	84	423	6	473	55	266	119	49	56	42	38	482	86	2212	98	715	94	20	50	224	442	208	64	16	17655	168	134	60	903	473	36	140	94	316	18	2839	21	1381	13	262	21	124	446	375	38	255	3684	46	22	1006	9	679	2774	270	59	913	156
2020-07-25	172325	60	14	99	16	3735	36	9	214	188	156	187	51	3781	609	82	89	85	433	5	480	57	282	119	49	56	47	37	504	98	2229	99	725	98	26	52	228	466	226	66	17	17861	174	137	62	922	473	38	146	95	318	19	2881	21	1412	13	273	21	127	464	386	39	256	3714	47	22	1024	9	679	2863	275	62	931	161
2020-07-26	173995	61	15	116	18	3766	36	9	215	192	157	195	52	3831	617	82	92	88	433	5	493	57	286	120	49	57	60	39	511	107	2245	100	735	99	30	52	247	494	231	67	17	18140	177	140	69	965	473	38	148	97	321	19	2906	21	1421	13	288	24	129	473	390	41	262	3722	48	22	1051	10	700	3001	312	69	954	165
2020-07-27	176028	62	15	125	19	3768	36	11	218	194	158	196	52	3870	622	82	92	91	436	5	499	57	291	120	49	57	62	40	516	109	2292	100	754	99	31	55	255	499	232	67	17	18302	181	143	69	975	496	39	148	98	322	19	2951	21	1430	13	293	25	132	483	398	41	262	3733	48	22	1067	12	717	3092	330	77	960	171
2020-07-28	178642	64	15	133	19	3822	37	13	221	198	161	198	53	3904	627	81	96	95	441	5	503	57	299	121	49	58	67	43	525	112	2305	105	759	101	35	56	257	512	255	66	18	18528	184	149	70	991	503	41	152	103	323	19	2984	21	1435	13	309	26	138	505	400	41	277	3755	51	24	1083	13	753	3174	331	86	970	176
2020-07-29	183383	65	15	145	19	3855	40	13	224	198	166	204	54	3970	634	82	102	98	448	5	513	57	303	121	50	56	68	43	535	114	2348	106	762	101	38	56	272	518	257	67	18	18827	192	154	74	1008	518	41	159	105	327	18	3011	22	1458	13	319	27	139	558	424	42	281	3806	51	25	1103	14	789	3284	334	89	978	189

DEATHS	California	Wisconsin	Wisconsin	Wisconsin	Wisconsin	Wisconsin	Wisconsin	Wisconsin	Wisconsin	Wisconsin	Wisconsin	Wisconsin	Wisconsin	Wisconsin	Wisconsin	Wisconsin	Wisconsin	Wisconsin	Wisconsin	Wisconsin	Wisconsin	Wisconsin	Wisconsin	Wisconsin	Wisconsin	Wisconsin	Wisconsin	Wisconsin	Wisconsin	Wisconsin	Wisconsin	Wisconsin	Wisconsin	Wisconsin	Wisconsin	Wisconsin	Wisconsin	Wisconsin	Wisconsin	Wisconsin	Wisconsin	Wisconsin	Wisconsin	Wisconsin	Wisconsin	Wisconsin	Wisconsin	Wisconsin	Wisconsin	Wisconsin	Wisconsin	Wisconsin	Wisconsin	Wisconsin	Wisconsin	Wisconsin	Wisconsin	Wisconsin	Wisconsin	Wisconsin	Wisconsin	Wisconsin	Wisconsin	Wisconsin	Wisconsin	Wisconsin	Wisconsin	Wisconsin	Wisconsin	Wisconsin	Wisconsin	Wisconsin	Wisconsin	Wisconsin
date	Los Angeles	Adams	Ashland	Barron	Bayfield	Brown	Buffalo	Burnett	Calumet	Chippewa	Clark	Columbia	Crawford	Dane	Dodge	Door	Douglas	Dunn	Eau Claire	Florence	Fond du Lac	Forest	Grant	Green	Green Lake	Iowa	Iron	Jackson	Jefferson	Juneau	Kenosha	Kewaunee	La Crosse	Lafayette	Langlade	Lincoln	Manitowoc	Marathon	Marinette	Marquette	Menominee	Milwaukee	Monroe	Oconto	Oneida	Outagamie	Ozaukee	Pepin	Pierce	Polk	Portage	Price	Racine	Richland	Rock	Rusk	Sauk	Sawyer	Shawano	Sheboygan	St. Croix	Taylor	Trempealeau	Unknown	Vernon	Vilas	Walworth	Washburn	Washington	Waukesha	Waupaca	Waushara	Winnebago	Wood
2020-01-26	0	0	0	0	0	0	0	0	0	0	0	0	0	0	0	0	0	0	0	0	0	0	0	0	0	0	0	0	0	0	0	0	0	0	0	0	0	0	0	0	0	0	0	0	0	0	0	0	0	0	0	0	0	0	0	0	0	0	0	0	0	0	0	0	0	0	0	0	0	0	0	0	0	0
2020-01-27	0	0	0	0	0	0	0	0	0	0	0	0	0	0	0	0	0	0	0	0	0	0	0	0	0	0	0	0	0	0	0	0	0	0	0	0	0	0	0	0	0	0	0	0	0	0	0	0	0	0	0	0	0	0	0	0	0	0	0	0	0	0	0	0	0	0	0	0	0	0	0	0	0	0
2020-01-28	0	0	0	0	0	0	0	0	0	0	0	0	0	0	0	0	0	0	0	0	0	0	0	0	0	0	0	0	0	0	0	0	0	0	0	0	0	0	0	0	0	0	0	0	0	0	0	0	0	0	0	0	0	0	0	0	0	0	0	0	0	0	0	0	0	0	0	0	0	0	0	0	0	0
2020-01-29	0	0	0	0	0	0	0	0	0	0	0	0	0	0	0	0	0	0	0	0	0	0	0	0	0	0	0	0	0	0	0	0	0	0	0	0	0	0	0	0	0	0	0	0	0	0	0	0	0	0	0	0	0	0	0	0	0	0	0	0	0	0	0	0	0	0	0	0	0	0	0	0	0	0
2020-01-30	0	0	0	0	0	0	0	0	0	0	0	0	0	0	0	0	0	0	0	0	0	0	0	0	0	0	0	0	0	0	0	0	0	0	0	0	0	0	0	0	0	0	0	0	0	0	0	0	0	0	0	0	0	0	0	0	0	0	0	0	0	0	0	0	0	0	0	0	0	0	0	0	0	0
2020-01-31	0	0	0	0	0	0	0	0	0	0	0	0	0	0	0	0	0	0	0	0	0	0	0	0	0	0	0	0	0	0	0	0	0	0	0	0	0	0	0	0	0	0	0	0	0	0	0	0	0	0	0	0	0	0	0	0	0	0	0	0	0	0	0	0	0	0	0	0	0	0	0	0	0	0
2020-02-01	0	0	0	0	0	0	0	0	0	0	0	0	0	0	0	0	0	0	0	0	0	0	0	0	0	0	0	0	0	0	0	0	0	0	0	0	0	0	0	0	0	0	0	0	0	0	0	0	0	0	0	0	0	0	0	0	0	0	0	0	0	0	0	0	0	0	0	0	0	0	0	0	0	0
2020-02-02	0	0	0	0	0	0	0	0	0	0	0	0	0	0	0	0	0	0	0	0	0	0	0	0	0	0	0	0	0	0	0	0	0	0	0	0	0	0	0	0	0	0	0	0	0	0	0	0	0	0	0	0	0	0	0	0	0	0	0	0	0	0	0	0	0	0	0	0	0	0	0	0	0	0
2020-02-03	0	0	0	0	0	0	0	0	0	0	0	0	0	0	0	0	0	0	0	0	0	0	0	0	0	0	0	0	0	0	0	0	0	0	0	0	0	0	0	0	0	0	0	0	0	0	0	0	0	0	0	0	0	0	0	0	0	0	0	0	0	0	0	0	0	0	0	0	0	0	0	0	0	0
2020-02-04	0	0	0	0	0	0	0	0	0	0	0	0	0	0	0	0	0	0	0	0	0	0	0	0	0	0	0	0	0	0	0	0	0	0	0	0	0	0	0	0	0	0	0	0	0	0	0	0	0	0	0	0	0	0	0	0	0	0	0	0	0	0	0	0	0	0	0	0	0	0	0	0	0	0
2020-02-05	0	0	0	0	0	0	0	0	0	0	0	0	0	0	0	0	0	0	0	0	0	0	0	0	0	0	0	0	0	0	0	0	0	0	0	0	0	0	0	0	0	0	0	0	0	0	0	0	0	0	0	0	0	0	0	0	0	0	0	0	0	0	0	0	0	0	0	0	0	0	0	0	0	0
2020-02-06	0	0	0	0	0	0	0	0	0	0	0	0	0	0	0	0	0	0	0	0	0	0	0	0	0	0	0	0	0	0	0	0	0	0	0	0	0	0	0	0	0	0	0	0	0	0	0	0	0	0	0	0	0	0	0	0	0	0	0	0	0	0	0	0	0	0	0	0	0	0	0	0	0	0
2020-02-07	0	0	0	0	0	0	0	0	0	0	0	0	0	0	0	0	0	0	0	0	0	0	0	0	0	0	0	0	0	0	0	0	0	0	0	0	0	0	0	0	0	0	0	0	0	0	0	0	0	0	0	0	0	0	0	0	0	0	0	0	0	0	0	0	0	0	0	0	0	0	0	0	0	0
2020-02-08	0	0	0	0	0	0	0	0	0	0	0	0	0	0	0	0	0	0	0	0	0	0	0	0	0	0	0	0	0	0	0	0	0	0	0	0	0	0	0	0	0	0	0	0	0	0	0	0	0	0	0	0	0	0	0	0	0	0	0	0	0	0	0	0	0	0	0	0	0	0	0	0	0	0
2020-02-09	0	0	0	0	0	0	0	0	0	0	0	0	0	0	0	0	0	0	0	0	0	0	0	0	0	0	0	0	0	0	0	0	0	0	0	0	0	0	0	0	0	0	0	0	0	0	0	0	0	0	0	0	0	0	0	0	0	0	0	0	0	0	0	0	0	0	0	0	0	0	0	0	0	0
2020-02-10	0	0	0	0	0	0	0	0	0	0	0	0	0	0	0	0	0	0	0	0	0	0	0	0	0	0	0	0	0	0	0	0	0	0	0	0	0	0	0	0	0	0	0	0	0	0	0	0	0	0	0	0	0	0	0	0	0	0	0	0	0	0	0	0	0	0	0	0	0	0	0	0	0	0
2020-02-11	0	0	0	0	0	0	0	0	0	0	0	0	0	0	0	0	0	0	0	0	0	0	0	0	0	0	0	0	0	0	0	0	0	0	0	0	0	0	0	0	0	0	0	0	0	0	0	0	0	0	0	0	0	0	0	0	0	0	0	0	0	0	0	0	0	0	0	0	0	0	0	0	0	0
2020-02-12	0	0	0	0	0	0	0	0	0	0	0	0	0	0	0	0	0	0	0	0	0	0	0	0	0	0	0	0	0	0	0	0	0	0	0	0	0	0	0	0	0	0	0	0	0	0	0	0	0	0	0	0	0	0	0	0	0	0	0	0	0	0	0	0	0	0	0	0	0	0	0	0	0	0
2020-02-13	0	0	0	0	0	0	0	0	0	0	0	0	0	0	0	0	0	0	0	0	0	0	0	0	0	0	0	0	0	0	0	0	0	0	0	0	0	0	0	0	0	0	0	0	0	0	0	0	0	0	0	0	0	0	0	0	0	0	0	0	0	0	0	0	0	0	0	0	0	0	0	0	0	0
2020-02-14	0	0	0	0	0	0	0	0	0	0	0	0	0	0	0	0	0	0	0	0	0	0	0	0	0	0	0	0	0	0	0	0	0	0	0	0	0	0	0	0	0	0	0	0	0	0	0	0	0	0	0	0	0	0	0	0	0	0	0	0	0	0	0	0	0	0	0	0	0	0	0	0	0	0
2020-02-15	0	0	0	0	0	0	0	0	0	0	0	0	0	0	0	0	0	0	0	0	0	0	0	0	0	0	0	0	0	0	0	0	0	0	0	0	0	0	0	0	0	0	0	0	0	0	0	0	0	0	0	0	0	0	0	0	0	0	0	0	0	0	0	0	0	0	0	0	0	0	0	0	0	0
2020-02-16	0	0	0	0	0	0	0	0	0	0	0	0	0	0	0	0	0	0	0	0	0	0	0	0	0	0	0	0	0	0	0	0	0	0	0	0	0	0	0	0	0	0	0	0	0	0	0	0	0	0	0	0	0	0	0	0	0	0	0	0	0	0	0	0	0	0	0	0	0	0	0	0	0	0
2020-02-17	0	0	0	0	0	0	0	0	0	0	0	0	0	0	0	0	0	0	0	0	0	0	0	0	0	0	0	0	0	0	0	0	0	0	0	0	0	0	0	0	0	0	0	0	0	0	0	0	0	0	0	0	0	0	0	0	0	0	0	0	0	0	0	0	0	0	0	0	0	0	0	0	0	0
2020-02-18	0	0	0	0	0	0	0	0	0	0	0	0	0	0	0	0	0	0	0	0	0	0	0	0	0	0	0	0	0	0	0	0	0	0	0	0	0	0	0	0	0	0	0	0	0	0	0	0	0	0	0	0	0	0	0	0	0	0	0	0	0	0	0	0	0	0	0	0	0	0	0	0	0	0
2020-02-19	0	0	0	0	0	0	0	0	0	0	0	0	0	0	0	0	0	0	0	0	0	0	0	0	0	0	0	0	0	0	0	0	0	0	0	0	0	0	0	0	0	0	0	0	0	0	0	0	0	0	0	0	0	0	0	0	0	0	0	0	0	0	0	0	0	0	0	0	0	0	0	0	0	0
2020-02-20	0	0	0	0	0	0	0	0	0	0	0	0	0	0	0	0	0	0	0	0	0	0	0	0	0	0	0	0	0	0	0	0	0	0	0	0	0	0	0	0	0	0	0	0	0	0	0	0	0	0	0	0	0	0	0	0	0	0	0	0	0	0	0	0	0	0	0	0	0	0	0	0	0	0
2020-02-21	0	0	0	0	0	0	0	0	0	0	0	0	0	0	0	0	0	0	0	0	0	0	0	0	0	0	0	0	0	0	0	0	0	0	0	0	0	0	0	0	0	0	0	0	0	0	0	0	0	0	0	0	0	0	0	0	0	0	0	0	0	0	0	0	0	0	0	0	0	0	0	0	0	0
2020-02-22	0	0	0	0	0	0	0	0	0	0	0	0	0	0	0	0	0	0	0	0	0	0	0	0	0	0	0	0	0	0	0	0	0	0	0	0	0	0	0	0	0	0	0	0	0	0	0	0	0	0	0	0	0	0	0	0	0	0	0	0	0	0	0	0	0	0	0	0	0	0	0	0	0	0
2020-02-23	0	0	0	0	0	0	0	0	0	0	0	0	0	0	0	0	0	0	0	0	0	0	0	0	0	0	0	0	0	0	0	0	0	0	0	0	0	0	0	0	0	0	0	0	0	0	0	0	0	0	0	0	0	0	0	0	0	0	0	0	0	0	0	0	0	0	0	0	0	0	0	0	0	0
2020-02-24	0	0	0	0	0	0	0	0	0	0	0	0	0	0	0	0	0	0	0	0	0	0	0	0	0	0	0	0	0	0	0	0	0	0	0	0	0	0	0	0	0	0	0	0	0	0	0	0	0	0	0	0	0	0	0	0	0	0	0	0	0	0	0	0	0	0	0	0	0	0	0	0	0	0
2020-02-25	0	0	0	0	0	0	0	0	0	0	0	0	0	0	0	0	0	0	0	0	0	0	0	0	0	0	0	0	0	0	0	0	0	0	0	0	0	0	0	0	0	0	0	0	0	0	0	0	0	0	0	0	0	0	0	0	0	0	0	0	0	0	0	0	0	0	0	0	0	0	0	0	0	0
2020-02-26	0	0	0	0	0	0	0	0	0	0	0	0	0	0	0	0	0	0	0	0	0	0	0	0	0	0	0	0	0	0	0	0	0	0	0	0	0	0	0	0	0	0	0	0	0	0	0	0	0	0	0	0	0	0	0	0	0	0	0	0	0	0	0	0	0	0	0	0	0	0	0	0	0	0
2020-02-27	0	0	0	0	0	0	0	0	0	0	0	0	0	0	0	0	0	0	0	0	0	0	0	0	0	0	0	0	0	0	0	0	0	0	0	0	0	0	0	0	0	0	0	0	0	0	0	0	0	0	0	0	0	0	0	0	0	0	0	0	0	0	0	0	0	0	0	0	0	0	0	0	0	0
2020-02-28	0	0	0	0	0	0	0	0	0	0	0	0	0	0	0	0	0	0	0	0	0	0	0	0	0	0	0	0	0	0	0	0	0	0	0	0	0	0	0	0	0	0	0	0	0	0	0	0	0	0	0	0	0	0	0	0	0	0	0	0	0	0	0	0	0	0	0	0	0	0	0	0	0	0
2020-02-29	0	0	0	0	0	0	0	0	0	0	0	0	0	0	0	0	0	0	0	0	0	0	0	0	0	0	0	0	0	0	0	0	0	0	0	0	0	0	0	0	0	0	0	0	0	0	0	0	0	0	0	0	0	0	0	0	0	0	0	0	0	0	0	0	0	0	0	0	0	0	0	0	0	0
2020-03-01	0	0	0	0	0	0	0	0	0	0	0	0	0	0	0	0	0	0	0	0	0	0	0	0	0	0	0	0	0	0	0	0	0	0	0	0	0	0	0	0	0	0	0	0	0	0	0	0	0	0	0	0	0	0	0	0	0	0	0	0	0	0	0	0	0	0	0	0	0	0	0	0	0	0
2020-03-02	0	0	0	0	0	0	0	0	0	0	0	0	0	0	0	0	0	0	0	0	0	0	0	0	0	0	0	0	0	0	0	0	0	0	0	0	0	0	0	0	0	0	0	0	0	0	0	0	0	0	0	0	0	0	0	0	0	0	0	0	0	0	0	0	0	0	0	0	0	0	0	0	0	0
2020-03-03	0	0	0	0	0	0	0	0	0	0	0	0	0	0	0	0	0	0	0	0	0	0	0	0	0	0	0	0	0	0	0	0	0	0	0	0	0	0	0	0	0	0	0	0	0	0	0	0	0	0	0	0	0	0	0	0	0	0	0	0	0	0	0	0	0	0	0	0	0	0	0	0	0	0
2020-03-04	0	0	0	0	0	0	0	0	0	0	0	0	0	0	0	0	0	0	0	0	0	0	0	0	0	0	0	0	0	0	0	0	0	0	0	0	0	0	0	0	0	0	0	0	0	0	0	0	0	0	0	0	0	0	0	0	0	0	0	0	0	0	0	0	0	0	0	0	0	0	0	0	0	0
2020-03-05	0	0	0	0	0	0	0	0	0	0	0	0	0	0	0	0	0	0	0	0	0	0	0	0	0	0	0	0	0	0	0	0	0	0	0	0	0	0	0	0	0	0	0	0	0	0	0	0	0	0	0	0	0	0	0	0	0	0	0	0	0	0	0	0	0	0	0	0	0	0	0	0	0	0
2020-03-06	0	0	0	0	0	0	0	0	0	0	0	0	0	0	0	0	0	0	0	0	0	0	0	0	0	0	0	0	0	0	0	0	0	0	0	0	0	0	0	0	0	0	0	0	0	0	0	0	0	0	0	0	0	0	0	0	0	0	0	0	0	0	0	0	0	0	0	0	0	0	0	0	0	0
2020-03-07	0	0	0	0	0	0	0	0	0	0	0	0	0	0	0	0	0	0	0	0	0	0	0	0	0	0	0	0	0	0	0	0	0	0	0	0	0	0	0	0	0	0	0	0	0	0	0	0	0	0	0	0	0	0	0	0	0	0	0	0	0	0	0	0	0	0	0	0	0	0	0	0	0	0
2020-03-08	0	0	0	0	0	0	0	0	0	0	0	0	0	0	0	0	0	0	0	0	0	0	0	0	0	0	0	0	0	0	0	0	0	0	0	0	0	0	0	0	0	0	0	0	0	0	0	0	0	0	0	0	0	0	0	0	0	0	0	0	0	0	0	0	0	0	0	0	0	0	0	0	0	0
2020-03-09	0	0	0	0	0	0	0	0	0	0	0	0	0	0	0	0	0	0	0	0	0	0	0	0	0	0	0	0	0	0	0	0	0	0	0	0	0	0	0	0	0	0	0	0	0	0	0	0	0	0	0	0	0	0	0	0	0	0	0	0	0	0	0	0	0	0	0	0	0	0	0	0	0	0
2020-03-10	0	0	0	0	0	0	0	0	0	0	0	0	0	0	0	0	0	0	0	0	0	0	0	0	0	0	0	0	0	0	0	0	0	0	0	0	0	0	0	0	0	0	0	0	0	0	0	0	0	0	0	0	0	0	0	0	0	0	0	0	0	0	0	0	0	0	0	0	0	0	0	0	0	0
2020-03-11	1	0	0	0	0	0	0	0	0	0	0	0	0	0	0	0	0	0	0	0	0	0	0	0	0	0	0	0	0	0	0	0	0	0	0	0	0	0	0	0	0	0	0	0	0	0	0	0	0	0	0	0	0	0	0	0	0	0	0	0	0	0	0	0	0	0	0	0	0	0	0	0	0	0
2020-03-12	1	0	0	0	0	0	0	0	0	0	0	0	0	0	0	0	0	0	0	0	0	0	0	0	0	0	0	0	0	0	0	0	0	0	0	0	0	0	0	0	0	0	0	0	0	0	0	0	0	0	0	0	0	0	0	0	0	0	0	0	0	0	0	0	0	0	0	0	0	0	0	0	0	0
2020-03-13	1	0	0	0	0	0	0	0	0	0	0	0	0	0	0	0	0	0	0	0	0	0	0	0	0	0	0	0	0	0	0	0	0	0	0	0	0	0	0	0	0	0	0	0	0	0	0	0	0	0	0	0	0	0	0	0	0	0	0	0	0	0	0	0	0	0	0	0	0	0	0	0	0	0
2020-03-14	1	0	0	0	0	0	0	0	0	0	0	0	0	0	0	0	0	0	0	0	0	0	0	0	0	0	0	0	0	0	0	0	0	0	0	0	0	0	0	0	0	0	0	0	0	0	0	0	0	0	0	0	0	0	0	0	0	0	0	0	0	0	0	0	0	0	0	0	0	0	0	0	0	0
2020-03-15	1	0	0	0	0	0	0	0	0	0	0	0	0	0	0	0	0	0	0	0	0	0	0	0	0	0	0	0	0	0	0	0	0	0	0	0	0	0	0	0	0	0	0	0	0	0	0	0	0	0	0	0	0	0	0	0	0	0	0	0	0	0	0	0	0	0	0	0	0	0	0	0	0	0
2020-03-16	1	0	0	0	0	0	0	0	0	0	0	0	0	0	0	0	0	0	0	0	0	0	0	0	0	0	0	0	0	0	0	0	0	0	0	0	0	0	0	0	0	0	0	0	0	0	0	0	0	0	0	0	0	0	0	0	0	0	0	0	0	0	0	0	0	0	0	0	0	0	0	0	0	0
2020-03-17	1	0	0	0	0	0	0	0	0	0	0	0	0	0	0	0	0	0	0	0	0	0	0	0	0	0	0	0	0	0	0	0	0	0	0	0	0	0	0	0	0	0	0	0	0	0	0	0	0	0	0	0	0	0	0	0	0	0	0	0	0	0	0	0	0	0	0	0	0	0	0	0	0	0
2020-03-18	1	0	0	0	0	0	0	0	0	0	0	0	0	0	0	0	0	0	0	0	0	0	0	0	0	0	0	0	0	0	0	0	0	0	0	0	0	0	0	0	0	0	0	0	0	0	0	0	0	0	0	0	0	0	0	0	0	0	0	0	0	0	0	0	0	0	0	0	0	0	0	0	0	0
2020-03-19	2	0	0	0	0	0	0	0	0	0	0	0	0	0	0	0	0	0	0	0	1	0	0	0	0	0	0	0	0	0	0	0	0	0	0	0	0	0	0	0	0	0	0	0	0	0	1	0	0	0	0	0	0	0	0	0	0	0	0	0	0	0	0	0	0	0	0	0	0	0	0	0	0	0
2020-03-20	2	0	0	0	0	0	0	0	0	0	0	0	0	0	0	0	0	0	0	0	1	0	0	0	0	0	0	0	0	0	0	0	0	0	0	0	0	0	0	0	0	1	0	0	0	0	1	0	0	0	0	0	0	0	0	0	0	0	0	0	0	0	0	0	0	0	0	0	0	0	0	0	0	0
2020-03-21	4	0	0	0	0	0	0	0	0	0	0	0	0	0	0	0	0	0	0	0	1	0	0	0	0	0	0	0	0	0	0	0	0	0	0	0	0	0	0	0	0	2	0	0	0	0	1	0	0	0	0	0	0	0	0	0	0	0	0	0	0	0	0	0	0	0	0	0	0	0	0	0	0	0
2020-03-22	5	0	0	0	0	0	0	0	0	0	0	0	0	0	0	0	0	0	0	0	1	0	0	0	0	0	0	0	0	0	0	0	0	0	0	0	0	0	0	0	0	2	0	0	0	0	1	0	0	0	0	0	0	0	0	0	0	0	0	0	0	0	0	0	0	0	0	0	0	0	0	0	0	0
2020-03-23	7	0	0	0	0	0	0	0	0	0	0	0	0	0	0	0	0	0	0	0	1	0	0	0	0	0	0	0	0	0	0	0	0	0	0	0	0	0	0	0	0	3	0	0	0	0	1	0	0	0	0	0	0	0	0	0	0	0	0	0	0	0	0	0	0	0	0	0	0	0	0	0	0	0
2020-03-24	11	0	0	0	0	0	0	0	0	0	0	0	0	0	0	0	0	0	0	0	1	0	0	0	0	0	0	0	0	0	0	0	0	0	0	0	0	0	0	0	0	3	0	0	0	0	1	0	0	0	0	0	0	0	0	0	0	0	0	0	0	0	0	0	0	0	0	0	0	0	0	0	0	0
2020-03-25	13	0	0	0	0	0	0	0	0	0	0	0	0	1	0	0	0	0	0	0	1	0	0	0	0	0	0	0	0	0	0	0	0	0	0	0	0	0	0	0	0	4	0	0	0	0	1	0	0	0	0	0	0	0	0	0	0	0	0	0	0	0	0	0	0	0	0	0	0	0	0	0	0	0
2020-03-26	21	0	0	0	0	0	0	0	0	0	0	0	0	1	0	0	0	0	0	0	1	0	0	0	0	0	0	0	0	0	0	0	0	0	0	0	0	0	0	0	0	7	0	0	0	0	1	0	0	0	0	0	0	0	0	0	0	0	0	0	0	0	0	0	0	0	0	0	0	0	0	0	0	0
2020-03-27	27	0	0	0	0	0	0	0	0	0	0	0	0	1	0	0	0	0	0	0	1	0	0	0	0	0	1	0	0	0	0	0	0	0	0	0	0	0	0	0	0	9	0	0	0	0	3	0	0	0	0	0	0	0	0	0	1	0	0	0	0	0	0	0	0	0	0	0	0	0	0	0	0	0
2020-03-28	33	0	0	0	0	0	0	0	0	0	0	0	0	1	0	0	0	0	0	0	1	0	0	0	0	0	1	0	0	0	0	0	0	0	0	0	0	0	0	0	0	9	0	0	0	0	3	0	0	0	0	0	0	0	0	0	1	0	0	0	0	0	0	0	0	0	0	0	0	0	1	0	0	0
2020-03-29	37	0	0	0	0	0	0	0	0	0	0	0	0	1	0	0	0	0	0	0	1	0	0	0	0	0	1	0	0	0	0	0	0	0	0	0	0	0	0	0	0	9	0	0	0	0	3	0	0	0	0	0	0	0	0	0	1	0	0	0	0	0	0	0	0	0	0	0	0	0	1	0	0	0
2020-03-30	44	0	0	0	0	0	0	0	0	0	0	0	0	2	0	0	0	0	0	0	2	0	0	0	0	0	1	0	0	0	0	0	0	0	0	0	0	0	0	0	0	10	0	0	0	0	3	0	0	0	0	0	0	0	0	0	1	0	0	0	0	0	0	0	0	0	0	0	0	0	1	0	0	0
2020-03-31	54	0	0	0	0	0	0	0	0	0	0	0	0	2	0	0	0	0	0	0	2	0	0	0	0	0	1	0	0	0	0	0	0	0	0	0	0	0	0	0	0	11	0	0	0	0	5	0	0	0	0	0	0	0	0	0	1	0	0	0	0	0	0	0	0	0	0	0	1	1	1	0	0	0
2020-04-01	65	0	0	0	0	0	0	0	0	0	0	0	0	2	0	0	0	0	0	0	2	0	0	0	0	0	1	0	0	0	0	0	0	0	0	0	0	0	0	0	0	16	0	0	0	0	5	0	0	0	0	0	0	0	1	0	2	0	0	1	0	0	0	0	0	0	0	0	1	1	1	0	0	0
2020-04-02	78	0	0	0	0	0	0	0	0	0	0	0	0	3	0	0	0	0	0	0	2	0	0	0	0	0	1	0	0	0	0	0	0	0	0	0	0	0	0	0	0	18	0	0	0	0	5	0	0	0	0	0	0	0	1	0	2	0	0	1	0	0	0	0	0	0	0	0	2	1	1	0	0	0
2020-04-03	89	0	0	0	0	0	0	0	0	0	0	0	0	4	0	0	0	0	0	0	2	0	0	0	0	0	1	0	0	0	0	0	0	0	0	0	0	0	0	0	0	28	0	0	0	1	5	0	0	0	0	0	1	0	1	0	2	0	0	1	0	0	0	0	0	0	0	0	2	1	1	0	0	0
2020-04-04	117	0	0	0	0	0	0	0	0	0	0	0	0	8	0	0	0	0	0	0	2	0	0	0	0	0	1	0	0	0	1	0	0	0	0	0	0	0	0	0	0	29	0	0	0	1	6	0	0	0	0	0	1	0	1	0	2	0	0	1	0	0	0	0	0	0	0	0	3	3	1	0	0	0
2020-04-05	132	0	0	0	0	0	1	0	0	0	0	0	0	8	0	0	0	0	0	0	2	0	0	0	0	0	1	0	0	0	1	0	0	0	0	0	0	0	0	0	0	39	0	0	0	1	6	0	0	0	0	0	1	0	2	0	2	0	0	1	0	0	0	0	0	0	0	0	3	4	1	0	0	0
2020-04-06	147	0	0	0	0	0	1	0	0	0	0	1	0	9	0	0	0	0	0	0	2	0	0	0	0	0	1	0	0	0	1	0	0	0	0	0	0	0	0	0	0	45	0	0	0	1	6	0	0	0	0	0	2	0	2	0	2	0	0	1	0	0	0	0	0	0	0	0	3	4	1	0	1	0
2020-04-07	169	0	0	0	0	0	1	0	0	0	0	1	0	11	0	0	0	0	0	0	2	0	0	0	0	0	1	0	0	0	1	0	0	0	0	0	0	0	0	0	0	49	0	0	0	1	9	0	0	0	0	0	2	0	2	0	2	0	0	2	0	0	0	0	0	0	0	0	3	5	1	0	1	0
2020-04-08	198	0	0	0	0	0	1	0	0	0	0	1	0	11	0	0	0	0	0	0	2	0	0	0	0	0	1	0	0	0	1	0	0	0	0	0	0	0	0	0	0	59	0	0	0	2	11	0	0	0	0	0	2	0	2	0	2	0	0	2	0	0	0	0	0	0	0	0	3	5	1	0	1	0
2020-04-09	223	0	0	0	0	1	1	0	0	0	0	1	0	11	0	0	0	0	0	0	2	0	1	0	0	0	1	0	0	0	1	0	0	0	0	0	0	0	0	0	0	67	0	0	0	2	9	0	0	0	0	0	2	0	2	0	2	0	0	2	0	0	0	0	0	0	0	0	3	6	1	0	1	0
2020-04-10	241	0	0	0	0	1	1	0	0	0	0	1	0	12	0	0	0	0	0	0	2	0	1	0	0	0	1	0	0	0	1	0	0	0	0	0	0	0	0	0	0	77	0	0	0	2	12	0	0	0	0	0	3	0	2	0	2	0	0	2	0	0	0	0	0	0	0	0	3	6	1	0	1	0
2020-04-11	265	0	0	0	0	1	1	0	0	0	0	1	0	12	0	0	0	0	0	0	2	0	1	0	0	0	1	0	0	0	1	0	0	0	0	0	0	1	0	0	0	85	0	0	0	2	12	0	0	0	0	0	3	0	3	0	2	0	0	2	0	0	0	0	0	0	0	0	3	6	1	0	1	0
2020-04-12	296	0	0	0	0	1	1	0	0	0	0	1	0	12	0	0	0	0	0	0	2	0	1	0	0	0	1	0	0	1	2	0	0	0	0	0	0	1	0	0	0	88	0	0	0	2	9	0	0	0	0	0	4	0	3	0	2	0	0	2	0	0	0	0	0	0	0	0	3	7	1	0	1	0
2020-04-13	320	0	0	0	0	1	1	0	0	0	0	1	0	12	0	0	0	0	0	0	2	0	1	0	0	0	1	1	0	1	4	0	0	0	0	0	0	1	0	0	0	94	0	0	0	2	9	0	0	0	0	0	5	0	3	0	2	0	0	2	0	0	0	0	0	0	0	0	3	7	1	0	1	0
2020-04-14	360	1	0	0	0	1	1	0	0	0	0	1	0	13	1	1	0	0	0	0	2	0	1	0	0	0	1	1	0	1	3	1	0	0	0	0	0	1	0	0	0	101	0	0	0	2	9	0	0	0	0	0	5	0	4	0	4	0	0	2	0	0	0	0	0	0	1	0	3	9	1	0	1	0
2020-04-15	402	1	0	0	0	1	1	0	0	0	0	1	0	15	1	1	0	0	0	0	3	0	1	0	0	0	1	1	0	1	4	1	0	0	0	0	0	1	1	0	0	105	0	0	0	2	9	0	0	0	0	0	6	0	4	0	4	0	0	2	0	0	0	0	0	0	2	0	3	10	1	0	1	0
2020-04-16	455	1	0	0	0	1	1	0	0	0	0	1	0	16	1	1	0	0	0	0	3	0	1	0	0	0	1	1	0	1	5	1	0	0	0	0	0	1	1	0	0	114	0	0	0	2	9	0	0	0	0	0	6	1	4	0	3	0	0	2	0	0	0	0	0	0	3	0	3	11	1	0	1	0
2020-04-17	495	1	0	0	0	1	1	0	0	0	0	1	0	16	1	1	0	0	0	0	3	0	1	0	0	0	1	1	0	1	5	1	0	0	0	0	0	1	1	0	0	120	0	0	0	2	9	0	0	0	0	0	8	1	4	0	3	0	0	2	0	0	0	0	0	0	3	0	3	11	1	0	1	0
2020-04-18	576	1	0	0	1	1	1	0	0	0	0	1	0	17	1	1	0	0	0	0	3	0	2	0	0	0	1	1	0	1	5	1	0	0	0	0	0	1	1	1	0	122	0	0	0	2	9	0	0	0	0	0	8	1	4	0	3	0	0	2	0	0	0	0	0	0	4	0	3	11	1	0	1	0
2020-04-19	600	1	0	0	1	1	1	0	0	0	1	1	0	20	1	1	0	0	0	0	3	0	2	0	0	0	1	1	0	1	5	1	0	0	0	0	0	1	1	1	0	125	0	0	0	2	9	0	0	0	0	0	9	1	4	0	3	0	0	2	0	0	0	0	0	0	6	0	3	11	1	0	1	0
2020-04-20	617	1	0	0	1	1	1	0	0	0	1	1	0	20	1	1	0	0	0	0	3	0	3	0	0	0	1	1	0	1	5	1	0	0	0	0	0	1	1	1	0	132	0	0	0	2	9	0	0	0	0	0	10	1	4	0	3	0	0	2	0	0	0	0	0	0	6	0	3	11	1	0	1	0
2020-04-21	663	1	0	0	1	2	1	0	0	0	1	1	0	20	1	1	0	0	0	0	3	0	3	0	0	0	1	1	0	1	6	1	0	0	0	0	0	1	1	1	0	139	0	0	0	2	9	0	0	0	0	0	10	1	4	0	3	0	0	2	0	0	0	0	0	0	7	0	3	13	1	0	1	0
2020-04-22	729	1	0	0	1	2	1	0	0	0	1	1	0	20	1	1	0	0	0	0	3	0	3	0	0	0	1	1	0	1	6	1	0	0	0	0	0	1	1	1	0	142	0	0	0	2	9	0	0	0	0	0	10	1	4	0	3	0	0	2	0	0	0	0	0	0	7	0	4	13	1	0	1	0
2020-04-23	797	1	0	0	1	2	1	0	0	0	1	1	0	21	1	1	0	0	0	0	3	0	3	0	0	0	1	1	0	1	6	1	0	0	0	0	0	1	1	1	0	150	0	0	0	2	9	0	0	0	0	0	10	1	4	0	3	0	0	2	0	0	0	0	0	0	7	0	4	14	1	0	1	0
2020-04-24	850	1	0	0	1	2	1	0	0	0	1	1	0	21	1	1	0	0	0	0	3	0	3	0	0	0	1	1	0	1	7	1	0	0	0	0	0	1	1	1	0	154	0	0	0	2	9	0	0	0	0	0	10	1	4	0	3	0	0	2	0	0	0	0	0	0	7	0	4	14	1	0	1	0
2020-04-25	895	1	0	0	1	2	1	0	0	0	1	1	0	21	1	1	0	0	0	0	3	0	3	0	0	0	1	1	0	1	7	1	0	0	0	0	0	1	1	1	0	157	0	0	0	2	9	0	0	0	0	0	10	1	4	0	3	0	0	2	0	0	0	0	0	0	8	0	4	14	1	0	1	0
2020-04-26	913	1	0	0	1	2	1	0	0	0	2	1	0	21	1	1	0	0	0	0	3	0	3	0	0	0	1	1	0	1	7	1	0	0	0	0	1	1	1	1	0	162	0	0	0	2	9	0	0	0	0	0	10	1	5	0	3	0	0	2	0	0	0	0	0	0	8	0	4	14	1	0	1	0
2020-04-27	942	1	0	0	1	2	1	0	0	0	2	1	0	21	1	1	0	0	0	0	3	0	4	0	0	0	1	1	0	1	7	1	0	0	0	0	1	1	1	1	0	167	0	0	0	2	9	0	0	0	0	0	10	1	5	0	3	0	0	2	0	0	0	0	0	0	8	0	4	15	1	0	1	0
2020-04-28	1000	1	0	0	1	3	1	0	0	0	3	1	0	22	1	1	0	0	0	0	3	0	5	0	0	0	1	1	0	1	9	1	0	0	0	0	1	1	1	1	0	174	1	0	0	2	9	0	0	0	0	0	12	2	6	0	3	0	0	2	0	0	0	0	0	0	8	0	4	16	1	0	1	0
2020-04-29	1056	1	0	0	1	3	1	0	0	0	4	1	0	22	1	2	0	0	0	0	3	0	6	0	0	0	1	1	0	1	11	1	0	0	0	0	1	1	1	1	0	177	1	0	0	2	9	0	0	0	0	0	12	2	6	0	3	0	0	2	0	0	0	0	0	0	8	0	4	16	1	0	1	0
2020-04-30	1111	1	0	0	1	3	1	0	0	0	4	1	0	22	1	2	0	0	0	0	3	0	6	0	0	0	1	1	0	1	12	1	0	0	0	0	1	1	1	1	0	181	1	0	0	2	9	0	0	0	0	0	12	2	6	0	3	0	0	2	0	0	0	0	0	0	8	0	4	19	1	0	1	0
2020-05-01	1172	1	0	0	1	5	1	0	0	0	4	1	0	23	1	2	0	0	0	0	3	0	6	0	0	0	1	1	0	1	13	1	0	0	0	0	1	1	1	1	0	186	1	0	0	2	9	0	0	0	0	0	13	2	6	0	3	0	0	2	0	0	0	0	0	0	8	0	4	20	1	0	1	0
2020-05-02	1209	1	0	0	1	6	1	0	0	0	4	1	0	22	1	3	0	0	0	0	3	0	6	0	0	0	1	1	0	1	13	1	0	0	0	0	1	1	1	1	0	191	1	0	0	2	9	0	0	0	0	0	13	2	7	0	3	0	0	2	0	0	0	0	0	0	8	0	4	20	1	0	1	0
2020-05-03	1229	1	0	0	1	6	1	0	0	0	4	1	0	22	1	3	0	0	0	0	3	0	6	0	0	0	1	1	0	1	14	1	0	0	0	0	1	1	1	1	0	195	1	0	0	2	9	0	0	0	0	0	13	2	7	0	3	0	0	2	0	0	0	0	0	0	8	0	4	20	1	0	1	0
2020-05-04	1256	1	0	0	1	6	1	0	0	0	4	1	0	22	1	3	0	0	0	0	3	0	6	0	0	0	1	1	0	1	14	1	0	0	0	0	1	1	1	1	0	195	1	0	0	2	9	0	0	0	0	0	14	2	7	0	3	0	0	2	0	0	0	0	0	0	8	0	4	20	1	0	1	0
2020-05-05	1313	1	0	0	1	9	1	0	0	0	4	1	0	22	1	3	0	0	0	0	3	0	7	0	0	0	1	1	0	1	14	1	0	0	0	0	1	1	1	1	0	201	1	0	0	2	9	0	0	0	0	0	15	2	9	0	3	0	0	2	0	0	0	0	0	0	8	0	4	20	1	0	1	0
2020-05-06	1367	1	0	0	1	11	1	0	0	0	4	1	0	22	1	3	0	0	0	0	3	0	7	0	0	0	1	1	0	1	14	1	0	0	0	0	1	1	1	1	0	204	1	0	0	2	9	0	0	0	0	0	15	2	10	0	3	0	0	2	0	0	0	0	0	0	9	0	4	22	1	0	1	0
2020-05-07	1418	1	0	0	1	12	1	0	0	0	4	1	0	22	1	3	0	0	0	0	3	0	7	0	0	0	1	1	0	1	14	1	0	0	0	0	1	1	1	1	0	212	1	0	0	2	9	0	0	0	0	0	16	2	12	0	3	0	0	2	0	0	0	0	0	0	9	0	4	22	1	0	1	0
2020-05-08	1468	1	0	0	1	13	1	0	0	0	4	1	0	22	1	3	0	0	0	0	3	0	7	0	0	0	1	1	0	1	15	1	0	0	0	0	1	1	1	1	0	219	1	0	0	2	9	0	0	0	0	0	16	2	12	0	3	0	0	2	0	0	0	0	0	0	10	0	4	22	1	0	1	0
2020-05-09	1512	1	0	0	1	18	1	0	0	0	4	1	0	22	1	3	0	0	0	0	3	0	7	0	0	0	1	1	2	1	15	1	0	0	0	0	1	1	1	1	0	224	1	0	0	2	9	0	0	0	0	0	16	2	13	0	3	0	0	2	0	0	0	0	0	0	10	0	4	23	1	0	1	0
2020-05-10	1530	1	0	0	1	18	1	0	1	0	4	1	0	22	1	3	0	0	0	0	3	0	7	0	0	0	1	1	2	1	15	1	0	0	0	0	1	1	1	1	0	225	1	0	0	2	9	0	0	0	0	0	16	2	13	0	3	0	0	2	0	0	0	0	0	0	10	0	4	23	1	0	1	0
2020-05-11	1569	1	0	0	1	18	1	0	1	0	4	1	0	22	1	3	0	0	0	0	3	0	9	0	0	0	1	1	2	1	16	1	0	0	0	0	1	1	1	1	0	231	1	0	0	2	9	0	0	0	0	0	16	2	13	0	3	0	0	2	0	0	0	0	0	0	10	0	4	23	1	0	1	0
2020-05-12	1613	1	0	0	1	20	1	0	1	0	4	1	0	22	1	3	0	0	0	0	3	0	9	0	0	0	1	1	2	1	16	1	0	0	0	0	1	1	1	1	0	235	1	0	0	2	10	0	0	0	0	0	17	2	13	0	3	0	0	2	0	0	0	0	0	0	11	0	4	23	1	0	1	0
2020-05-13	1659	1	0	0	1	20	1	0	1	0	4	1	0	22	1	3	0	0	0	0	3	0	9	0	0	0	1	1	2	1	17	1	0	0	0	0	1	1	1	1	0	236	1	0	0	2	10	0	0	0	0	0	17	2	13	0	3	0	0	3	0	0	0	0	0	0	11	0	4	23	1	0	1	0
2020-05-14	1659	1	0	0	1	21	1	1	1	0	4	1	0	22	1	3	0	0	0	0	3	0	10	0	0	0	1	1	2	1	17	1	0	0	0	0	1	1	2	1	0	242	1	0	0	4	10	0	0	0	0	0	17	2	14	0	3	0	0	3	0	0	0	0	0	0	11	0	4	23	1	0	1	0
2020-05-15	1755	1	0	0	1	21	1	1	1	0	4	1	0	25	1	3	0	0	0	0	3	0	10	0	0	0	1	1	2	1	17	1	0	0	0	0	1	1	2	1	0	249	1	0	0	4	10	0	0	0	0	0	18	2	14	0	3	0	0	3	0	0	0	0	0	0	11	0	4	23	1	0	1	0
2020-05-16	1793	1	0	0	1	22	1	1	1	0	4	1	0	25	1	3	0	0	0	0	3	0	10	0	0	0	1	1	2	1	18	1	0	0	0	0	1	1	2	1	0	252	1	0	0	4	11	0	0	0	0	0	18	3	14	0	3	0	0	3	0	0	0	0	0	0	12	0	4	23	1	0	1	0
2020-05-17	1821	1	0	0	1	22	1	1	1	0	4	1	0	25	1	3	0	0	0	0	3	0	10	0	0	0	1	1	2	1	18	1	0	0	0	0	1	1	2	1	0	252	1	0	0	4	11	0	0	0	0	0	18	3	14	0	3	0	0	3	0	0	0	0	0	0	12	0	4	23	1	0	1	0
2020-05-18	1839	1	0	0	1	23	1	1	1	0	4	1	0	25	1	3	0	0	0	0	3	0	10	0	0	0	1	1	2	1	18	1	0	0	0	0	1	1	2	1	0	256	1	0	0	5	11	0	0	0	0	0	18	3	14	0	3	0	0	3	0	0	0	0	0	0	12	0	4	23	1	0	1	0
2020-05-19	1913	1	0	0	1	26	1	1	1	0	4	1	0	25	1	3	0	0	0	0	3	0	10	0	0	0	1	1	2	1	19	1	0	0	0	0	1	1	2	1	0	260	1	0	0	5	11	0	0	0	0	0	19	3	14	0	3	0	0	3	0	0	0	0	0	0	11	0	4	23	1	0	1	0
2020-05-20	1970	1	0	0	1	29	1	1	1	0	4	1	0	26	1	3	0	0	0	0	3	0	10	0	0	0	1	1	2	1	21	1	0	0	0	0	1	1	2	1	0	265	1	0	0	5	11	0	0	1	0	0	20	3	14	0	3	0	0	3	0	0	0	0	0	0	11	0	4	24	1	0	1	0
2020-05-21	2016	1	0	0	1	29	1	1	1	0	4	1	0	26	1	3	0	0	0	0	4	0	10	0	0	0	1	1	2	1	21	1	0	0	0	0	1	1	2	1	0	269	1	0	0	5	11	0	0	1	0	0	20	4	14	0	3	0	0	3	0	0	0	0	0	0	11	0	4	24	1	0	1	0
2020-05-22	2049	1	0	0	1	31	1	1	1	0	4	1	0	26	1	3	0	0	0	0	4	0	10	0	0	0	1	1	3	1	22	1	0	0	0	0	1	1	2	1	0	270	1	0	0	5	11	0	0	1	0	0	22	4	15	0	3	0	0	3	0	0	0	0	0	0	11	0	4	25	1	0	1	0
2020-05-23	2090	1	0	0	1	32	1	1	1	0	4	1	0	26	1	3	0	0	0	0	4	0	10	0	0	0	1	1	3	1	22	1	0	0	0	0	1	1	2	1	0	276	1	0	0	6	11	0	0	1	0	0	22	4	16	0	3	0	0	3	0	0	0	0	0	0	12	0	4	25	1	0	1	1
2020-05-24	2104	1	0	0	1	32	1	1	1	0	4	1	0	26	1	3	0	0	0	0	4	0	11	0	0	0	1	1	3	1	22	1	0	0	0	0	1	1	2	1	0	276	1	0	0	7	11	0	0	1	0	0	22	4	16	0	3	0	0	3	0	0	0	0	0	0	13	0	4	25	1	0	1	1
2020-05-25	2116	1	0	0	1	32	1	1	1	0	4	1	0	26	1	3	0	0	0	0	5	0	11	0	0	0	1	1	3	1	22	1	0	0	0	0	1	1	2	1	0	276	1	0	0	7	11	0	0	1	0	0	25	4	16	0	3	0	0	3	0	0	0	0	0	0	13	0	4	25	1	0	1	1
2020-05-26	2143	1	0	0	1	32	1	1	1	0	4	1	0	26	1	3	0	0	0	0	5	0	12	0	0	0	1	1	3	1	22	1	0	0	0	0	1	1	2	1	0	277	1	0	0	7	11	0	0	1	0	0	25	4	16	0	3	0	0	3	0	0	0	0	0	0	13	0	4	26	1	0	1	1
2020-05-27	2195	1	0	0	1	33	1	1	1	0	4	1	0	27	1	3	0	0	0	0	4	1	12	0	0	0	1	1	3	1	24	1	0	0	0	0	1	1	2	1	0	282	1	0	0	8	11	0	0	1	0	0	28	4	18	0	3	0	0	3	0	0	0	0	0	0	16	0	4	28	1	0	3	1
2020-05-28	2241	1	0	0	1	34	1	1	1	0	4	1	0	27	1	3	0	0	0	0	5	1	12	0	0	0	1	1	3	1	25	1	0	0	0	0	1	1	2	1	0	285	1	0	0	8	11	0	0	1	0	0	33	4	18	0	3	0	0	3	0	0	0	0	0	0	16	0	4	28	1	0	3	1
2020-05-29	2290	1	0	0	1	35	1	1	1	0	4	1	0	28	1	3	0	0	0	0	5	1	12	0	0	0	1	1	3	1	27	1	0	0	0	0	1	1	2	1	0	294	1	0	0	8	11	0	0	1	0	0	35	4	18	0	3	0	0	3	0	0	0	0	0	0	17	0	6	28	1	0	4	1
2020-05-30	2338	1	0	0	1	37	1	1	1	0	4	1	0	29	2	3	0	0	0	0	5	1	12	0	0	0	1	1	3	1	30	1	0	0	0	0	1	1	2	1	0	299	1	0	0	8	11	0	0	1	0	0	36	4	19	0	3	0	0	3	0	0	0	0	0	0	17	0	7	30	1	0	6	1
2020-05-31	2362	1	0	0	1	37	1	1	1	0	4	1	0	29	2	3	0	0	0	0	5	2	12	0	0	0	1	1	3	1	30	1	0	0	0	0	1	1	2	1	0	299	1	0	0	8	14	0	0	1	0	0	37	4	19	0	3	0	0	3	0	0	0	0	0	0	17	0	7	30	1	0	7	1
2020-06-01	2384	1	0	0	1	37	1	1	1	0	4	1	0	29	2	3	0	0	0	0	5	2	12	0	0	0	1	1	3	1	30	1	0	0	0	0	1	1	2	1	0	299	1	0	0	8	14	0	0	1	0	0	40	4	19	0	3	0	0	3	0	0	0	0	0	0	17	0	7	30	1	0	7	1
2020-06-02	2443	1	0	0	1	37	1	1	1	0	4	1	0	29	2	3	0	0	0	0	5	2	12	0	0	0	1	1	3	1	30	1	0	0	0	0	1	1	2	1	0	309	1	0	0	8	14	0	0	1	0	0	41	4	19	0	3	0	0	3	0	0	0	0	0	0	17	0	8	31	1	0	7	1
2020-06-03	2489	1	0	0	1	37	1	1	1	0	4	1	0	29	3	3	0	0	0	0	5	2	12	0	0	0	1	1	3	1	30	1	0	0	0	0	1	1	2	1	0	315	1	0	0	8	14	0	0	1	0	0	41	4	19	0	3	0	0	3	0	0	0	0	0	0	17	0	9	31	1	0	7	1
2020-06-04	2531	1	0	0	1	38	1	1	1	0	4	1	0	29	3	3	0	0	0	0	5	2	12	0	0	0	1	1	3	1	33	1	0	0	0	0	1	1	2	1	0	316	1	0	0	8	14	0	0	1	0	0	44	4	20	0	3	0	0	3	0	0	0	0	0	0	17	0	9	31	1	0	7	1
2020-06-05	2565	1	0	0	1	38	2	1	1	0	4	1	0	29	4	3	0	0	0	0	5	2	12	0	0	0	1	1	3	1	34	1	0	0	0	0	1	1	2	1	0	317	1	0	0	8	14	0	0	1	0	0	46	4	20	0	3	0	0	3	0	0	0	0	0	0	17	0	9	32	1	0	7	1
2020-06-06	2620	1	0	0	1	38	2	1	1	0	4	1	0	29	4	3	0	0	0	0	6	2	12	0	0	0	1	1	3	1	34	1	0	0	0	0	1	1	3	1	0	325	1	0	0	8	14	0	0	1	0	0	47	4	21	0	3	0	0	3	0	0	0	0	0	0	17	0	9	32	1	0	7	1
2020-06-07	2645	1	0	0	1	38	2	1	1	0	4	1	0	29	4	3	0	0	0	0	6	2	12	0	0	0	1	1	3	1	34	1	0	0	0	0	1	1	3	1	0	326	1	0	0	8	14	0	0	1	0	0	47	4	21	0	3	0	0	3	0	0	0	0	0	0	17	0	9	33	1	0	7	1
2020-06-08	2655	1	0	0	1	38	2	1	1	0	4	1	0	29	4	3	0	0	0	0	6	2	12	0	0	0	1	1	3	1	35	1	0	0	0	0	1	1	3	1	0	325	1	0	0	8	14	0	0	1	0	0	47	4	21	0	3	0	0	3	0	0	0	0	0	0	17	0	10	34	1	0	7	1
2020-06-09	2707	1	0	0	1	38	2	1	1	0	4	1	0	30	4	3	0	0	0	0	6	2	12	0	0	0	1	1	3	1	36	1	0	0	0	0	1	1	3	1	0	331	1	0	0	8	14	0	0	1	0	0	51	4	21	0	3	0	0	3	0	0	0	0	0	0	17	0	10	34	1	0	7	1
2020-06-10	2768	1	0	0	1	38	2	1	2	0	4	1	0	31	4	3	0	0	0	0	6	2	12	0	0	0	1	1	4	1	36	1	0	0	0	0	1	1	3	1	0	336	1	0	0	8	14	0	0	1	0	0	51	4	21	0	3	0	0	4	0	0	0	6	0	0	17	0	11	34	1	0	8	1
2020-06-11	2813	1	0	0	1	38	2	1	2	0	4	1	0	31	4	3	0	0	0	0	6	2	12	0	0	0	1	1	4	1	36	1	0	0	0	0	1	1	3	1	0	346	1	0	0	8	14	0	0	1	0	0	51	4	21	0	3	0	0	4	0	0	0	6	0	0	17	0	12	34	2	0	8	1
2020-06-12	2832	1	0	0	1	38	2	1	2	0	4	1	0	31	4	3	0	0	0	0	6	2	12	0	0	0	1	1	4	1	36	1	0	0	0	0	1	1	3	1	0	349	1	0	0	8	15	0	0	1	0	0	52	4	21	0	3	0	0	4	0	0	0	6	0	0	17	0	12	34	3	0	9	1
2020-06-13	2890	1	0	0	1	38	2	1	2	0	4	1	0	30	4	3	0	0	0	0	6	2	12	0	0	0	1	1	4	1	36	1	0	0	0	0	1	1	3	1	0	350	1	0	0	8	15	0	0	1	0	0	54	4	21	0	3	0	0	4	0	0	0	6	0	0	17	0	12	34	3	0	9	1
2020-06-14	2907	1	0	0	1	38	2	1	2	0	4	1	0	30	4	3	0	0	0	0	6	2	12	1	0	0	1	1	4	1	36	1	0	0	0	0	1	1	3	1	0	350	1	0	0	8	15	0	0	1	0	0	54	4	21	0	3	0	0	4	0	0	0	6	0	0	17	0	12	35	3	0	9	1
2020-06-15	2926	2	0	0	1	38	2	1	2	0	4	1	0	30	4	3	0	0	0	0	6	2	12	1	0	0	1	1	4	1	36	1	0	0	0	0	1	1	3	1	0	350	1	0	0	8	15	0	0	1	0	0	54	4	21	0	3	0	0	4	0	0	0	6	0	0	17	0	12	35	3	0	9	1
2020-06-16	2959	2	0	0	1	39	2	1	2	0	4	1	0	30	4	3	0	0	0	0	6	2	12	1	0	0	1	1	4	1	37	1	0	0	0	0	1	1	3	1	0	352	1	0	0	8	15	0	0	1	0	0	55	4	22	0	3	0	0	4	0	0	0	6	0	0	17	0	12	35	4	0	9	1
2020-06-17	2991	2	0	0	1	39	2	1	2	0	4	1	0	32	5	3	0	0	0	0	6	2	12	1	0	0	1	1	4	1	36	1	0	0	0	0	1	1	3	1	0	356	1	0	0	8	15	0	0	1	0	0	56	4	22	0	3	0	0	4	0	0	0	6	0	0	17	0	12	35	5	0	10	1
2020-06-18	3027	2	0	0	1	39	2	1	2	0	5	1	0	32	5	3	0	0	0	0	6	2	12	1	0	0	1	1	4	1	36	1	0	0	0	0	1	1	3	1	0	360	1	0	0	8	15	0	0	1	0	0	56	4	22	0	3	0	0	4	0	0	0	6	0	0	17	0	12	36	5	0	10	1
2020-06-19	3063	2	0	0	1	39	2	1	2	0	6	1	0	32	5	3	0	0	0	0	6	2	12	1	0	0	1	1	4	1	37	1	0	0	0	0	1	1	3	1	0	362	1	0	0	8	15	0	0	1	0	0	57	4	23	0	3	0	0	4	1	0	0	6	0	0	18	0	13	38	5	0	10	1
2020-06-20	3110	2	0	0	1	39	2	1	2	0	6	1	0	32	5	3	0	0	0	0	6	3	12	1	0	0	1	1	4	1	39	1	0	0	0	0	1	1	3	1	0	371	1	0	0	8	15	0	0	1	0	0	58	4	23	0	3	0	0	4	1	0	0	7	0	0	18	0	13	38	5	0	11	1
2020-06-21	3120	2	0	0	1	39	2	1	2	0	6	1	0	32	5	3	0	0	0	0	6	3	12	1	0	0	1	1	4	1	39	1	0	0	0	0	1	1	3	1	0	371	1	0	0	8	15	0	0	1	0	0	58	4	23	0	3	0	0	4	1	0	0	7	0	0	18	0	13	38	5	0	11	1
2020-06-22	3137	2	0	0	1	39	2	1	2	0	6	1	0	32	5	3	0	0	1	0	6	3	12	1	0	0	1	1	4	1	39	1	0	0	0	0	1	1	3	1	0	371	1	0	0	8	15	0	0	1	0	0	58	4	23	0	3	0	0	4	1	0	0	6	0	0	18	0	13	38	5	0	11	1
2020-06-23	3171	2	0	0	1	39	2	1	2	0	6	1	0	32	5	3	0	0	1	0	6	3	12	1	0	0	1	1	4	1	39	1	0	0	0	0	1	1	3	1	0	373	1	0	0	8	15	0	0	1	0	0	60	4	23	0	3	0	0	4	1	0	0	7	0	0	18	0	14	38	6	0	11	1
2020-06-24	3205	2	0	0	1	40	2	1	2	0	6	1	0	32	5	3	0	0	1	0	6	3	12	1	0	0	1	1	4	1	41	1	0	0	0	0	1	1	3	1	0	377	1	0	0	8	16	0	0	1	0	0	61	4	23	0	3	0	0	4	1	0	0	7	0	0	18	0	16	38	6	0	11	1
2020-06-25	3246	2	0	0	1	42	2	1	2	0	6	1	0	32	5	3	0	0	1	0	6	3	12	1	0	0	1	1	4	1	41	1	0	0	0	0	1	1	3	1	0	381	1	0	0	8	16	0	0	1	0	0	61	4	23	0	3	0	0	4	1	0	0	7	0	0	18	0	16	38	6	0	11	1
2020-06-26	3267	2	0	0	1	41	2	1	2	0	6	1	0	32	5	3	0	0	1	0	6	3	12	1	0	0	1	1	4	1	41	1	0	0	0	0	1	1	3	1	0	382	1	0	0	8	16	0	0	1	0	0	61	4	23	0	3	0	0	4	1	0	0	7	0	0	18	0	16	38	6	0	11	1
2020-06-27	3285	2	0	0	1	42	2	1	2	0	6	1	0	32	5	3	0	0	1	0	6	3	13	1	0	0	1	1	4	1	43	1	0	0	0	0	1	1	3	1	0	389	1	0	0	8	16	0	0	1	0	0	61	4	23	0	3	0	0	4	1	0	0	7	0	0	18	0	16	38	6	0	11	1
2020-06-28	3305	2	0	0	1	42	2	1	2	0	6	1	0	32	5	3	0	0	1	0	6	3	13	1	0	0	1	1	4	1	43	1	0	0	0	0	1	1	3	1	0	389	1	0	0	8	16	0	0	1	0	0	61	4	23	0	3	0	0	4	1	0	0	7	0	0	18	0	16	38	6	0	11	1
2020-06-29	3326	2	0	0	1	42	2	1	2	0	6	1	0	32	5	3	0	0	1	0	6	3	13	1	0	0	1	1	4	1	43	1	0	0	0	0	1	1	3	1	0	389	1	0	0	8	16	0	0	1	0	0	61	4	23	0	3	0	0	4	1	0	0	7	0	0	18	0	16	38	6	0	11	1
2020-06-30	3369	2	0	1	1	42	2	1	2	0	6	1	0	32	5	3	0	0	1	0	6	3	13	1	0	0	1	1	4	1	43	1	0	0	0	0	1	1	3	1	0	390	1	0	0	9	16	0	0	1	0	0	63	4	24	0	3	0	0	4	1	0	0	7	0	0	18	0	16	38	7	0	11	1
2020-07-01	3402	2	0	1	1	42	2	1	2	0	6	1	0	32	5	3	0	0	1	0	6	3	13	1	0	0	1	1	4	1	43	1	0	0	0	0	1	1	3	1	0	390	1	0	0	9	16	0	0	1	0	0	63	4	24	0	3	0	0	4	1	0	0	7	0	0	18	0	16	39	7	0	11	1
2020-07-02	3454	2	0	1	1	42	2	1	2	0	7	1	0	32	5	3	0	0	1	0	6	3	13	1	0	0	1	1	4	1	44	1	0	0	0	0	1	1	3	1	0	391	1	0	0	9	16	0	0	1	0	0	64	4	24	0	3	0	0	4	1	0	0	7	0	0	18	0	16	39	10	0	11	1
2020-07-03	3454	2	0	1	1	42	2	1	2	0	7	1	0	32	5	3	0	0	1	0	6	3	13	1	0	0	1	1	4	1	44	1	0	0	0	0	1	1	3	1	0	391	1	0	0	9	16	0	0	1	0	0	65	4	24	0	3	0	0	4	1	0	0	7	0	0	18	0	16	39	10	0	13	1
2020-07-04	3454	2	0	1	1	42	2	1	2	0	7	1	0	32	5	3	0	0	1	0	6	3	13	1	0	0	1	1	4	1	44	1	0	0	0	0	1	1	3	1	0	391	1	0	0	9	16	0	0	1	0	0	65	4	24	0	3	0	0	4	1	0	0	7	0	0	18	0	16	39	10	0	13	1
2020-07-05	3487	2	0	1	1	42	2	1	2	0	7	1	0	32	5	3	0	0	1	0	6	3	13	1	0	0	1	1	4	1	44	1	0	0	0	0	1	1	3	1	0	391	1	0	0	9	16	0	0	1	0	0	65	4	24	0	3	0	0	4	1	0	0	7	0	0	18	0	16	39	10	0	13	1
2020-07-06	3534	2	0	1	1	42	2	1	2	0	7	1	0	32	5	3	0	0	1	0	6	3	13	1	0	0	1	1	4	1	44	1	0	0	0	0	1	1	3	1	0	391	1	0	0	9	16	0	0	1	0	0	65	4	24	0	3	0	0	4	1	0	0	7	0	0	18	0	17	39	10	0	13	1
2020-07-07	3579	2	0	1	1	42	2	1	2	0	7	1	0	32	5	3	0	0	1	0	6	3	13	1	0	0	1	1	4	1	44	1	0	0	0	0	1	1	3	1	0	398	1	0	0	9	17	0	0	2	0	0	65	4	24	1	3	0	0	4	1	0	0	7	0	0	18	0	19	39	10	0	13	1
2020-07-08	3642	2	0	1	1	42	2	1	2	0	7	1	0	32	5	3	0	0	1	0	6	3	13	1	0	0	1	1	4	1	44	1	0	0	1	0	1	1	3	1	0	397	1	0	0	9	17	0	0	2	0	0	65	4	24	1	3	0	0	4	1	0	0	7	0	0	18	0	19	39	11	0	13	1
2020-07-09	3689	2	0	1	1	43	2	1	2	0	7	1	0	33	5	3	0	0	1	0	6	3	13	1	0	0	1	1	4	1	44	1	0	0	1	0	1	1	3	1	0	397	1	0	0	9	17	0	0	2	0	0	65	4	24	1	3	0	0	4	1	0	0	7	0	0	18	0	19	40	11	0	13	1
2020-07-10	3738	2	0	1	1	44	2	1	2	0	7	1	0	33	5	3	0	0	1	0	6	3	13	1	0	0	1	1	4	1	46	1	0	0	1	0	1	1	3	1	0	398	1	0	0	9	17	0	0	2	0	0	65	4	24	1	3	0	0	4	1	0	0	7	0	0	18	0	19	40	11	0	13	1
2020-07-11	3793	2	0	1	1	44	2	1	2	0	7	1	0	33	5	3	0	0	1	0	6	3	13	1	0	0	2	1	4	1	46	1	0	0	1	0	1	1	3	1	0	398	1	0	0	9	17	0	0	2	0	0	65	4	24	1	3	0	0	4	2	0	0	7	0	0	18	0	19	40	13	0	13	1
2020-07-12	3809	2	0	1	1	44	2	1	2	0	7	1	0	33	5	3	0	0	1	0	6	3	13	1	0	0	1	1	4	1	46	1	0	0	1	0	1	1	3	1	0	398	1	0	0	9	17	0	0	2	0	0	65	4	24	1	3	0	0	4	2	0	0	7	0	0	18	0	19	40	13	0	13	1
2020-07-13	3822	2	0	1	1	44	2	1	2	0	7	1	0	33	5	3	0	0	1	0	6	3	13	1	0	0	1	1	4	1	46	1	0	0	1	0	1	1	3	1	0	398	1	0	0	9	17	0	0	2	0	0	65	4	24	1	3	0	0	4	2	0	0	7	0	0	18	0	19	40	13	0	13	1
2020-07-14	3894	2	0	1	1	44	2	1	2	0	7	1	0	33	5	3	0	0	1	0	6	3	13	1	0	0	1	1	4	1	47	1	0	0	1	0	1	1	3	1	0	402	1	0	0	9	17	0	0	2	0	0	65	4	24	1	3	0	0	4	2	0	0	7	0	0	18	0	19	40	13	0	14	1
2020-07-15	3936	2	0	1	1	44	2	1	2	0	7	1	0	33	5	3	0	0	1	0	6	3	13	1	0	0	1	1	4	1	47	1	0	0	1	0	1	1	3	1	0	403	1	0	0	9	17	0	0	2	0	0	65	4	24	1	3	0	0	4	2	0	0	7	0	0	18	0	19	40	13	0	14	1
2020-07-16	3988	2	0	1	1	44	2	1	2	0	7	1	0	33	5	3	0	0	1	0	6	3	14	1	0	0	1	1	4	1	47	1	0	0	1	0	1	2	3	1	0	403	1	0	0	10	17	0	0	2	0	0	66	4	24	1	3	0	0	4	2	0	0	7	0	0	18	0	19	40	13	0	14	1
2020-07-17	4047	2	0	1	1	45	2	1	2	0	7	1	0	33	5	3	0	0	1	0	6	3	14	1	0	0	1	1	4	1	47	1	0	0	1	0	1	2	3	1	0	404	1	0	0	10	17	0	0	2	0	0	66	4	24	1	3	0	0	4	2	0	0	7	0	0	18	0	19	41	13	0	14	1
2020-07-18	4084	2	0	1	1	46	2	1	2	0	7	1	0	33	5	3	0	0	2	0	6	3	14	1	0	0	1	1	4	1	47	1	1	0	1	0	1	2	3	1	0	411	1	0	0	10	17	0	0	2	0	0	66	4	24	1	3	0	0	4	2	0	0	7	0	0	18	0	19	41	13	0	14	1
2020-07-19	4095	2	0	1	1	46	2	1	2	0	7	1	0	33	5	3	0	0	2	0	6	3	14	1	0	0	1	1	4	1	47	1	1	0	1	0	1	2	3	1	0	411	1	0	0	10	17	0	0	2	0	0	66	4	24	1	3	0	0	4	2	0	1	7	0	0	18	0	19	41	13	0	14	1
2020-07-20	4104	2	0	1	1	46	2	1	2	0	7	1	0	33	6	3	0	0	2	0	6	3	14	1	0	0	1	1	4	1	47	1	1	0	1	0	1	3	3	1	0	411	1	0	0	10	17	0	0	2	0	0	66	4	24	1	3	0	0	4	2	0	1	7	0	0	18	0	19	41	13	0	14	1
2020-07-21	4154	2	0	1	1	46	2	1	2	0	7	1	0	33	5	3	0	0	2	0	6	4	14	1	0	0	1	1	4	1	47	1	1	0	1	0	1	3	3	1	0	416	1	0	0	10	17	0	0	2	0	0	69	4	25	1	3	0	0	5	2	0	1	7	0	0	18	0	20	42	14	0	14	1
2020-07-22	4213	2	0	2	1	47	2	1	2	0	7	1	0	33	5	3	0	0	2	0	6	4	14	1	0	0	1	1	4	1	47	1	1	0	1	0	1	3	3	1	0	417	1	0	0	11	17	0	0	2	0	0	69	4	25	1	3	0	0	5	2	0	1	7	0	0	19	0	20	42	14	0	15	1
2020-07-23	4262	2	0	2	1	49	2	1	2	0	7	1	0	33	5	3	0	0	3	0	6	4	14	1	0	0	1	1	4	1	49	1	1	0	1	0	1	3	3	1	0	422	1	0	0	12	17	0	0	2	0	0	69	4	25	1	3	0	0	5	2	0	1	7	0	0	20	0	20	42	14	0	16	1
2020-07-24	4300	2	0	2	1	49	2	1	2	0	7	1	0	33	5	3	0	0	3	0	6	4	14	1	0	0	1	1	4	1	49	1	1	0	1	0	1	3	3	1	0	422	1	0	0	12	17	0	0	2	0	0	69	4	25	1	3	0	0	5	2	0	1	7	0	0	20	0	20	42	14	0	16	1
2020-07-25	4351	2	0	2	1	50	2	1	2	0	7	1	0	33	5	3	0	0	3	0	6	4	14	1	0	0	1	1	4	1	50	1	1	0	1	0	1	4	3	1	0	427	1	0	0	12	17	0	0	2	0	0	72	4	25	1	3	0	0	5	2	0	1	7	0	0	21	0	20	43	14	0	16	1
2020-07-26	4360	2	0	3	1	50	2	1	2	0	7	1	0	33	5	3	0	0	3	0	6	4	14	1	0	0	1	1	4	1	50	1	1	0	1	0	1	4	3	1	0	427	1	0	0	12	17	0	0	2	0	0	72	4	25	1	3	0	0	5	2	0	1	7	0	0	21	0	20	43	14	0	16	1
2020-07-27	4375	2	0	3	1	50	2	1	2	0	7	1	0	34	5	3	0	0	3	0	6	4	14	1	0	0	1	1	4	1	50	1	1	0	1	0	1	4	3	1	0	427	1	0	0	12	17	0	0	2	0	0	72	4	25	1	3	0	0	5	2	0	1	7	0	0	21	0	23	43	14	0	16	1
2020-07-28	4426	2	0	3	1	50	2	1	2	0	7	1	0	35	5	3	0	0	3	0	7	4	14	1	0	0	1	1	4	1	51	2	1	0	1	0	1	4	3	1	0	428	1	0	0	12	17	0	0	2	0	0	73	4	25	1	3	0	0	5	2	0	1	7	0	0	21	0	23	48	14	0	16	1
2020-07-29	4516	2	0	3	1	50	2	1	2	0	7	1	0	35	5	3	0	0	3	0	6	4	14	1	0	0	1	1	4	1	51	2	1	0	1	0	1	4	3	1	0	429	1	0	0	12	17	0	0	2	0	0	75	4	26	1	3	0	0	5	2	0	1	7	0	0	21	0	23	49	14	0	16	1

